LIG | COMPLEXE | APO | NB_PCK | OVLP1 | OVLP2 | DIST_CM | POS1 | POS2 | POS3 | REL_OVLP1 | REL_OVLP2 | REL_OVLP3 | LIGMASS | LIGVOL
TCL 1C14.pdb 1C14.pdb    15   85.71   98.04    3.85    1    1    1   357.14   196.08   196.08    282.49    195.26
DMQ 1DMP.pdb 1DMP.pdb     9   72.31   95.83    1.64    1    1    1   127.69   115.28   115.28    500.38    424.25
TPF 1EA1.pdb 1EA1.pdb    38   85.37  100.00    1.64    1    1    1   185.37   113.43   113.43    294.18    228.77
RPR 1EZQ.pdb 1EZQ.pdb    27   59.26   65.38    2.88    2    2    2   135.19    93.59    93.59    428.31    367.78
HUP 1GPK.pdb 1GPK.pdb    32   80.00   82.46    3.56    1    1    1   256.67   135.09   135.09    224.17    211.33
MFP 1H07.pdb 1H07.pdb    26   65.12   56.34    3.82    1    1    1   248.84   150.70   150.70    968.40    357.28
STI 1IEP.pdb 1IEP.pdb    28   62.71   57.95    3.69    2    2    1   113.56    76.14   104.55    462.36    400.26
C24 1KTS.pdb 1KTS.pdb    19   96.15  100.00    2.80    1    1    1   311.54   186.21   186.21    470.33    417.75
BMU 1KV1.pdb 1KV1.pdb    31   72.73   64.71    3.60    2    2    1   527.27   170.59   170.59    287.64    242.70
CBN 1KZN.pdb 1KZN.pdb    18   85.00   85.07    3.30    1    1    1   150.00    89.55    89.55    659.83    511.67
AQ4 1M17.pdb 1M17.pdb    27   51.52   51.67    3.22    2    2   11   221.21   121.67    55.00    370.25    331.10
RVP 1NF7.pdb 1NF7.pdb    41   73.33   95.00    3.77    2    2    2   188.89   141.67   141.67    311.08    203.92
LPR 1O86.pdb 1O86.pdb    40   55.56   58.73    0.00    1    1    0   411.11   234.92     0.00    374.24    316.44
ROL 1Q9M.pdb 1Q9M.pdb    32   96.43   96.23    2.70    1    1    1   307.14   162.26   162.26    254.18    223.98
KEF 1QMF.pdb 1QMF.pdb    38   72.73   75.00    0.00    1    1    0   422.73   193.75     0.00    408.26    334.13
U05 1RTH.pdb 1RTH.pdb    98  100.00  100.00    3.39    3    3    3   320.00   135.21   135.21    284.19    231.02
ID5 1T41.pdb 1T41.pdb    29   92.86   97.33    3.91    1    1    1   273.21   204.00   204.00    404.25    288.73
VIA 1UDT.pdb 1UDT.pdb    25   60.61   69.14    3.85    1    1    1   412.12   167.90   167.90    444.34    381.88
G39 2QWK.pdb 2QWK.pdb    27   70.97   93.88    4.00    1    1    1   229.03   144.90   144.90    260.16    232.56
IMN 4COX.pdb 4COX.pdb    39   92.50  100.00    4.00    1    1    1   472.50   270.00   270.00    341.66    274.05
