LIG | COMPLEXE | APO | NB_PCK | OVLP1 | OVLP2 | DIST_CM | POS1 | POS2 | POS3 | REL_OVLP1 | REL_OVLP2 | REL_OVLP3 | LIGMASS | LIGVOL
RQ3 1g9v.pdb 1g9v.pdb    58   69.23   61.02    0.00    1    1    0   321.15   141.53     0.00    636.44    548.44
BUM 1gkc.pdb 1gkc.pdb    12   76.47   77.55    1.67    1    1    1   288.24   200.00   200.00    286.18    242.72
SOX 1gm8.pdb 1gm8.pdb    61  100.00   94.55    3.72    1    1    1   500.00   190.91   190.91    332.25    274.06
HUP 1gpk.pdb 1gpk.pdb    34   80.00   82.46    3.05    1    1    1   330.00   173.68   173.68    224.17    192.58
SKF 1hnn.pdb 1hnn.pdb    19   85.29  100.00    1.73    2    2    2   155.88   110.42   110.42    200.17    149.92
AD3 1hp0.pdb 1hp0.pdb    23   83.78  100.00    3.73    1    1    1   148.65   105.77   105.77    252.14    202.75
HHP 1hq2.pdb 1hq2.pdb    10   74.29   97.83    3.09    2    2    2   217.14   165.22   165.22    186.11    142.31
D16 1hvy.pdb 1hvy.pdb    23   84.85   59.26    3.78    1    1    1   545.45   222.22   222.22    436.31    327.30
115 1hwi.pdb 1hwi.pdb    31   77.27   86.49    3.36    1    1    1   254.55   151.35   151.35    385.26    329.60
SWA 1hww.pdb 1hww.pdb    81   75.76  100.00    3.17   10   10   10   178.79   210.71   210.71    158.09    129.71
TQ3 1ia1.pdb 1ia1.pdb    16   89.66   95.12    0.89    2    2    2   234.48   165.85   165.85    256.24    199.86
VIB 1ig3.pdb 1ig3.pdb    48   98.63   96.06    2.77    1    1    1   171.23    98.43    98.43    496.44    398.70
CP6 1j3j.pdb 1j3j.pdb    41   82.86   92.16    3.74    1    1    1   434.29   298.04   298.04    235.61    194.09
AZM 1jd0.pdb 1jd0.pdb    20   79.17  100.00    2.53    1    1    1   241.67   148.72   148.72    216.20    147.96
BYS 1jje.pdb 1jje.pdb    16   86.84   88.33    2.64    1    1    1   236.84   150.00   150.00    324.20    268.09
TNK 1jla.pdb 1jla.pdb    98   80.95   78.48    0.00    1    1    0   604.76   321.52     0.00    340.25    307.66
IAD 1k3u.pdb 1k3u.pdb    49   68.63   98.11    2.77    3    3    3   139.22   133.96   133.96    276.16    223.93
LS1 1ke5.pdb 1ke5.pdb    27   55.56   68.63    3.50    1    1   14   413.89   292.16    74.51    314.25    253.22
JE2 1kzk.pdb 1kzk.pdb    16    0.00   98.86    3.35    0    1    1     0.00   135.23   135.23    538.42    462.54
BCZ 1l7f.pdb 1l7f.pdb    30   74.42   95.92    3.64    1    1    1   130.23   114.29   114.29    300.18    269.73
CMB 1lpz.pdb 1lpz.pdb    28   70.83   64.63    2.88    1    1    1   166.67    97.56    97.56    443.20    335.23
NLA 1lrh.pdb 1lrh.pdb    10   95.24  100.00    1.55    1    1    1   314.29   140.43   140.43    176.13    154.40
DEX 1m2z.pdb 1m2z.pdb    25   94.59   97.18    2.92    1    1    1   213.51   111.27   111.27    364.24    297.31
MOA 1meh.pdb 1meh.pdb    27   60.71   67.31    3.36    1    1   16   521.43   280.77    44.23    300.18    256.67
3AR 1mmv.pdb 1mmv.pdb    31   86.36   92.98    2.59    1    1    1   331.82   256.14   256.14    196.12    175.24
BNE 1mzc.pdb 1mzc.pdb    57   76.67   80.95    3.82    1    1    1   610.00   290.48   290.48    438.33    396.34
A3M 1n1m.pdb 1n1m.pdb    70   83.33  100.00    0.00    1    1    0   554.17   332.50     0.00    152.11    145.89
PAF 1n2j.pdb 1n2j.pdb    22   90.00  100.00    3.83    1    1    1   810.00   462.86   462.86    136.06    113.81
BDI 1n2v.pdb 1n2v.pdb    30   92.59  100.00    1.82    1    1    1   262.96   147.92   147.92    196.12    155.57
PFA 1n46.pdb 1n46.pdb    21   84.78   95.83    3.03    1    1    1   154.35    98.61    98.61    346.23    286.65
IH5 1nav.pdb 1nav.pdb    18   92.11   97.40    1.45    1    1    1   297.37   146.75   146.75    292.20    247.28
SCT 1of1.pdb 1of1.pdb    22   84.62  100.00    3.68    1    1    1   348.72   247.27   247.27    236.14    199.77
DTY 1of6.pdb 1of6.pdb    27   89.47   81.82    2.89    2    2    2   352.63   203.03   203.03    170.10    138.47
P16 1opk.pdb 1opk.pdb    34   93.18   92.86    3.44    1    1    1   229.55   144.29   144.29    411.16    340.72
CEL 1oq5.pdb 1oq5.pdb    21   76.67   70.00    3.10    2    2    2   116.67    70.00    70.00    367.26    285.83
675 1owe.pdb 1owe.pdb    21   72.41   63.64    3.81    1    1    1   168.97    89.09    89.09    274.21    232.39
FSN 1oyt.pdb 1oyt.pdb    21   95.56   97.30    3.89    1    1    1   340.00   206.76   206.76    383.27    302.47
NCT 1p2y.pdb 1p2y.pdb    33   96.30  100.00    3.86    1    1    1   251.85   154.55   154.55    148.12    137.34
GEO 1p62.pdb 1p62.pdb    21   68.75   90.00    0.00    1    1    0   403.12   258.00     0.00    252.11    180.31
984 1pmn.pdb 1pmn.pdb    32   74.36   77.03    3.82    1    1    1   341.03   179.73   179.73    455.21    375.81
MTI 1q1g.pdb 1q1g.pdb    18   89.19  100.00    3.59    1    1    1   337.84   227.27   227.27    280.22    222.21
BFL 1q4g.pdb 1q4g.pdb    46   85.19   95.92    3.57    5    5    5   251.85   138.78   138.78    212.16    198.50
IXM 1q41.pdb 1q41.pdb    31   65.52   71.43    3.57    2    2    2   234.48   138.78   138.78    266.19    212.04
BIR 1r1h.pdb 1r1h.pdb    66   77.27   88.16    0.00    1    1    0   377.27   218.42     0.00    391.21    321.07
FLP 1r9o.pdb 1r9o.pdb    42   96.15  100.00    3.90    1    1    1   680.77   316.07   316.07    231.16    195.87
097 1r55.pdb 1r55.pdb    14   72.97   83.33    0.00    1    1    0   345.95   266.67     0.00    302.18    275.38
AO5 1r58.pdb 1r58.pdb    33   85.37   81.54    1.77    1    1    1   180.49   113.85   113.85    337.70    284.41
TQD 1s3v.pdb 1s3v.pdb    18   92.31   94.67    3.28    1    1    1   358.97   186.67   186.67    346.24    265.10
MC9 1s19.pdb 1s19.pdb    27   87.50   95.06    3.37    1    1    1   247.50   122.22   122.22    372.29    342.04
STL 1sg0.pdb 1sg0.pdb    16    0.00   51.72    3.97    0   14   14     0.00    82.76    82.76    216.15    196.36
E4D 1sj0.pdb 1sj0.pdb    20   85.37   94.94    3.22    1    1    1   246.34   127.85   127.85    434.36    360.13
PAU 1sq5.pdb 1sq5.pdb    17   85.00   81.63    3.68    2    2    2   395.00   161.22   161.22    202.10    171.53
NDR 1sqn.pdb 1sqn.pdb    18  100.00  100.00    3.59    4    4    4   229.63   106.90   106.90    272.21    245.28
1CS 1t9b.pdb 1t9b.pdb    49   70.00   52.63    0.00    7    7    0   350.00   184.21     0.00    345.68    256.57
ID5 1t40.pdb 1t40.pdb    22   92.73   93.85    0.00    1    1    0   270.91   229.23     0.00    404.25    297.86
STI 1t46.pdb 1t46.pdb    25   70.91   66.67    3.85    1    1    1   167.27    95.83    95.83    462.36    391.40
CRZ 1tow.pdb 1tow.pdb     8   90.48  100.00    3.37    1    1    1   385.71   147.27   147.27    238.18    205.38
KAI 1tt1.pdb 1tt1.pdb    21   73.53   91.84    2.74    3    3    3   141.18    97.96    97.96    198.11    169.82
BAU 1u1c.pdb 1u1c.pdb    18   77.78   93.88    1.32    1    1    1   311.11   171.43   171.43    260.16    208.67
DBQ 1u4d.pdb 1u4d.pdb    26   80.77  100.00    3.28    1    1    1   300.00   173.33   173.33    234.15    181.11
FR4 1uml.pdb 1uml.pdb    25   90.70   89.74    3.76    1    1    1   204.65   112.82   112.82    418.30    359.61
RRC 1unl.pdb 1unl.pdb    27   68.57   79.69    3.99    1    1   19   271.43   148.44    45.31    328.24    293.74
CMU 1uou.pdb 1uou.pdb    34   89.66  100.00    3.78    2    2    2   241.38   159.09   159.09    231.57    165.10
PVB 1v0p.pdb 1v0p.pdb    20   86.11   91.04    3.10    1    1    1   375.00   201.49   201.49    407.71    315.28
MRK 1v4s.pdb 1v4s.pdb    39   89.47   98.41    3.33    2    2    2   286.84   173.02   173.02    337.31    257.01
HA1 1v48.pdb 1v48.pdb    17   92.11   98.21    1.53    1    1    1   215.79   146.43   146.43    323.11    225.16
IBA 1vcj.pdb 1vcj.pdb    33   82.05   98.18    2.76    3    3    3   148.72   105.45   105.45    322.21    288.32
GIO 1w1p.pdb 1w1p.pdb    35   81.48  100.00    0.00    1    1    0   433.33   365.62     0.00    144.09    120.21
THM 1w2g.pdb 1w2g.pdb    12   87.50  100.00    2.75    1    1    1   215.00   165.38   165.38    228.12    177.46
TYP 1x8x.pdb 1x8x.pdb    29   78.57  100.00    3.07    1    1    1   485.71   340.00   340.00    170.10    136.96
5RM 1xm6.pdb 1xm6.pdb    30   96.43   98.39    1.59    1    1    1   432.14   195.16   195.16    246.15    207.77
ROF 1xoq.pdb 1xoq.pdb    29   74.42   70.00    3.25    1    1    1   146.51    90.00    90.00    389.10    269.06
CIA 1xoz.pdb 1xoz.pdb    26   96.77   88.52    3.96    2    2    2   280.65   142.62   142.62    370.25    301.95
AAX 1y6b.pdb 1y6b.pdb    25    0.00   61.40    3.08    0    2    2     0.00    63.16    63.16    452.36    359.77
905 1ygc.pdb 1ygc.pdb    21   91.67   79.01    3.02    1    1    1   195.83   116.05   116.05    517.36    398.23
915 1yqy.pdb 1yqy.pdb    45   58.70   68.42    3.83    2    2    2   217.39   175.44   175.44    327.22    238.82
BIT 1yv3.pdb 1yv3.pdb    60   83.78   95.31    3.81    3    3    3   232.43   134.38   134.38    276.20    215.20
PH7 1yvf.pdb 1yvf.pdb    52   57.14   50.72    0.00    2    2    0   317.14   160.87     0.00    422.14    311.38
LI9 1ywr.pdb 1ywr.pdb    32   70.45   85.92    2.91    1    1    1   188.64   116.90   116.90    443.33    376.85
198 1z95.pdb 1z95.pdb    23   91.49  100.00    3.25    1    1    1   187.23   115.79   115.79    416.26    312.17
PM2 2bm2.pdb 2bm2.pdb    86   56.60   58.98    1.04    2    2    2    35.85    22.27    22.27   1481.19   1517.63
PFP 2br1.pdb 2br1.pdb    23   89.66  100.00    3.65    1    1    1   289.66   140.00   140.00    370.25    322.20
BSM 2bsm.pdb 2bsm.pdb    15   91.67  100.00    2.85    1    1    1   211.11   122.58   122.58    369.67    305.76
