LIG | COMPLEXE | APO | NB_PCK | OVLP1 | OVLP2 | DIST_CM | POS1 | POS2 | POS3 | REL_OVLP1 | REL_OVLP2 | REL_OVLP3 | LIGMASS | LIGVOL
DIP 1a07.pdb 1a07.pdb    18    0.00    0.00    3.80    0    0    4     0.00     0.00    78.00    474.61    479.95
HEP 1a0q.pdb 1a0q.pdb    31    0.00  100.00    1.71    0    2    2     0.00   214.06   214.06    341.30    297.88
DIP 1a1b.pdb 1a1b.pdb    14    0.00   52.94    2.13    0    2    2     0.00    52.94    52.94    568.58    534.38
DIY 1a1e.pdb 1a1e.pdb    15    0.00   64.71    3.80    0    2    2     0.00    67.65    67.65    552.53    484.46
STR 1a28.pdb 1a28.pdb    17    0.00   98.44    3.17    0    1    1     0.00   117.19   117.19    314.46    335.90
BZO 1a42.pdb 1a42.pdb    22    0.00   76.79    3.64    0    2    2     0.00    82.14    82.14    383.51    310.14
ZMR 1a4g.pdb 1a4g.pdb    54    0.00   82.00    4.00    0    3    6     0.00   102.00   102.00    332.31    293.64
FRA 1a4k.pdb 1a4k.pdb    31    0.00   62.82    3.90    0    2    2     0.00    67.95    67.95    426.40    362.39
DPC 1a4q.pdb 1a4q.pdb    54    0.00   88.71    3.13    0    5    5     0.00    91.94    91.94    389.45    373.79
NIP 1a6w.pdb 1a6w.pdb    11   51.32   97.87    1.03    1    1    1    67.11   108.51   108.51    350.11    224.62
SB2 1a9u.pdb 1a9u.pdb    31    0.00   64.52    3.20    0    3    3     0.00    90.32    90.32    377.43    345.38
PSI 1aaq.pdb 1aaq.pdb    10    0.00  100.00    2.60    0    1    1     0.00   122.34   122.34    578.72    596.13
LIG 1abe.pdb 1abe.pdb    21    0.00  100.00    1.18    0    5    5     0.00   109.09   109.09    150.13    128.05
LIG 1abf.pdb 1abf.pdb    18    0.00  100.00    1.73    0    4    4     0.00   100.00   100.00    164.16    145.86
THA 1acj.pdb 1acj.pdb     4    0.00  100.00    3.86    0    1    1     0.00   211.86   211.86    199.27    189.30
DME 1acl.pdb 1acl.pdb     7    0.00   81.18    3.25    0    1    1     0.00   129.41   129.41    258.49    297.61
PAL 1acm.pdb 1acm.pdb     6    0.00   80.00    2.99    0    2    1     0.00   126.67   120.00    251.09    183.47
TRA 1aco.pdb 1aco.pdb    11    0.00   96.88    3.42    0    4    4     0.00   134.38   134.38    171.08    128.38
E64 1aec.pdb 1aec.pdb     4    0.00   75.81    3.98    0    1    1     0.00    82.26    82.26    390.48    335.04
ADE 1aha.pdb 1aha.pdb     4    0.00  100.00    2.23    0    1    1     0.00   164.86   164.86    135.13    109.56
MNP 1ai5.pdb 1ai5.pdb    24    0.00  100.00    2.38    0    1    1     0.00   321.95   321.95    180.14    153.39
NPE 1aj7.pdb 1aj7.pdb    37    0.00   75.00    2.17    0    3    3     0.00    80.36    80.36    301.19    234.78
AP5 1ake.pdb 1ake.pdb    38    0.00   53.44    2.79    0    1    1     0.00   127.48   127.48    911.33    649.24
LIG 1aoe.pdb 1aoe.pdb    33    0.00   89.29    0.97    0    2    4     0.00   269.64   123.21    270.35    255.21
LTA 1apt.pdb 1apt.pdb    11    0.00   80.95    3.67    0    1    1     0.00   110.71   110.71    501.68    491.98
LIG 1apu.pdb 1apu.pdb    15    0.00   76.92    3.68    0    1    1     0.00   111.54   111.54    485.66    539.90
ILG 1aqw.pdb 1aqw.pdb    26    0.00   78.16    2.28    0    1    1     0.00   125.29   125.29    426.37    408.64
NOP 1ase.pdb 1ase.pdb     6    0.00  100.00    3.23    0    1    1     0.00   239.02   239.02    259.13    199.57
CH3 1atl.pdb 1atl.pdb     7    0.00   94.74    3.24    0    1    1     0.00   129.82   129.82    338.44    309.74
AZM 1azm.pdb 1azm.pdb    22    0.00   61.36    2.73    0    2    2     0.00   102.27   102.27    221.24    149.02
LIG 1b58.pdb 1b58.pdb    19    0.00   76.09    3.15    0    1    1     0.00   116.30   116.30    439.55    413.34
OVA 1b59.pdb 1b59.pdb    29    0.00   84.13    3.59    0    1    1     0.00   109.52   109.52    311.37    295.58
PI3 1b6n.pdb 1b6n.pdb    18    0.00   87.50    3.93    0    1    1     0.00   113.89   113.89    433.58    416.60
RA2 1b9v.pdb 1b9v.pdb    27    0.00  100.00    3.82    0    2    2     0.00   118.87   118.87    349.40    343.59
NPP 1baf.pdb 1baf.pdb     7    0.00   90.00    2.88    0    1    1     0.00   120.00   120.00    396.44    366.72
BLV 1bbp.pdb 1bbp.pdb    14    0.00   95.93    3.44    0    1    1     0.00   173.17   173.17    580.63    512.74
I10 1bgo.pdb 1bgo.pdb    19    0.00   61.43    2.37    0    1    1     0.00    64.29    64.29    512.66    449.43
SB4 1bl7.pdb 1bl7.pdb    31    0.00   70.31    3.02    0    2    2     0.00    96.88    96.88    338.38    320.40
FOS 1blh.pdb 1blh.pdb     5    0.00  100.00    3.87    0    1    1     0.00   157.14   157.14    243.15    199.52
ISO 1bma.pdb 1bma.pdb     8    0.00   72.73    2.53    0    1    1     0.00    72.73    72.73    521.59    471.98
MNO 1bmq.pdb 1bmq.pdb    24    0.00   63.77    3.55    0    5    5     0.00    63.77    63.77    576.68    507.56
GLC 1byb.pdb 1byb.pdb    18    0.00   55.77    1.47    0    1    1     0.00   102.88   102.88    666.58    537.12
STU 1byg.pdb 1byg.pdb    25    0.00   72.46    3.30    0    1    7     0.00   150.72    81.16    467.54    419.46
TRZ 1c12.pdb 1c12.pdb    28   77.59  100.00    2.50    1    1    1   186.21   171.43   171.43    315.43    303.34
ENH 1c1e.pdb 1c1e.pdb     8    0.00   94.44    1.88    0    1    1     0.00   138.89   138.89    383.87    250.15
NHS 1c2t.pdb 1c2t.pdb    19    0.00   81.94    3.79    0    1    1     0.00   123.61   123.61    479.42    395.21
TK4 1c5c.pdb 1c5c.pdb    28    0.00  100.00    3.82    0    2    2     0.00   177.05   177.05    344.34    242.25
ESI 1c5x.pdb 1c5x.pdb    17    0.00   87.23    3.91    0    1    1     0.00   106.38   106.38    303.14    180.15
OAI 1c83.pdb 1c83.pdb    25    0.00   90.48    2.28    0    3    3     0.00    92.86    92.86    246.18    193.75
REA 1cbs.pdb 1cbs.pdb     8    0.00   65.52    3.39    0    2    2     0.00    98.28    98.28    299.43    335.09
BZS 1cbx.pdb 1cbx.pdb     4    0.00  100.00    3.62    0    1    1     0.00   182.35   182.35    206.19    184.01
MAL 1cdg.pdb 1cdg.pdb     2    0.00    0.00    0.00    0    0    0     0.00     0.00     0.00    342.30    274.60
HAZ 1cf8.pdb 1cf8.pdb    30    0.00   68.75    3.10    0    2    2     0.00    73.75    73.75    458.53    392.17
ETS 1cil.pdb 1cil.pdb     6    0.00   87.76    2.90    0    1    1     0.00   108.16   108.16    324.44    259.13
MTS 1cin.pdb 1cin.pdb    17    0.00   82.98    1.81    0    1    1     0.00    97.87    97.87    310.41    226.55
PVB 1ckp.pdb 1ckp.pdb    25    0.00   57.38    3.23    0    1    1     0.00   165.57   165.57    259.69    201.78
CLL 1cle.pdb 1cle.pdb    28    0.00    0.00    2.86    0    0    1     0.00     0.00    75.19    649.08    696.67
PRE 1com.pdb 1com.pdb     7   58.93  100.00    3.01    1    1    1   223.21   304.88   304.88    224.17    184.37
AND 1coy.pdb 1coy.pdb    12    0.00  100.00    3.10    0    1    1     0.00   263.79   263.79    288.42    284.77
CPM 1cps.pdb 1cps.pdb    18    0.00   98.25    2.81    0    1    1     0.00   108.77   108.77    239.31    222.20
Q80 1cqp.pdb 1cqp.pdb    28    0.00   80.26    2.41    0    1    1     0.00   109.21   109.21    404.54    393.65
TFP 1ctr.pdb 1ctr.pdb    11    0.00   62.69    3.61    0    1    1     0.00   188.06   188.06    403.46    325.26
DHZ 1ctt.pdb 1ctt.pdb    19    0.00   83.33    3.77    0    2    2     0.00    83.33    83.33    230.22    200.05
ACD 1cvu.pdb 1cvu.pdb    22    0.00  100.00    3.79    0    1    1     0.00   232.05   232.05    303.46    320.91
S58 1cx2.pdb 1cx2.pdb    25    0.00   76.81    2.74    0    1   18     0.00   218.84    27.54    446.24    331.13
BLG 1d0l.pdb 1d0l.pdb    21    0.00    0.00    3.78    0    0    3     0.00     0.00    60.87    549.53    460.04
A26 1d3h.pdb 1d3h.pdb    30    0.00   93.94    2.00    0    1    1     0.00   156.06   156.06    270.21    204.62
BPP 1d4p.pdb 1d4p.pdb    23    0.00   64.77    3.81    0    1    1     0.00   134.09   134.09    360.45    346.46
STR 1dbb.pdb 1dbb.pdb     7    0.00  100.00    3.22    0    1    1     0.00   139.66   139.66    314.46    319.18
AE2 1dbj.pdb 1dbj.pdb     6    0.00  100.00    3.38    0    1    1     0.00   103.03   103.03    290.44    295.29
LIG 1dbm.pdb 1dbm.pdb    32    0.00   98.36    3.77    0    2    2     0.00    98.36    98.36    429.53    392.29
Q1P 1dd7.pdb 1dd7.pdb    28    0.00   95.71    2.61    0    1    1     0.00   102.86   102.86    479.49    421.38
TOP 1dg5.pdb 1dg5.pdb    10    0.00   78.33    3.54    0    1    1     0.00   256.67   256.67    290.32    267.11
FOL 1dhf.pdb 1dhf.pdb    13    0.00   88.89    3.26    0    1    1     0.00   151.85   151.85    439.38    383.77
DIG 1did.pdb 1did.pdb     5    0.00   88.64    2.67    0    2    2     0.00    97.73    97.73    163.17    152.01
DNJ 1die.pdb 1die.pdb    12    0.00   88.10    3.88    0    1    1     0.00   200.00   200.00    163.17    144.15
LIG 1dmp.pdb 1dmp.pdb    12    0.00   94.67    1.54    0    1    1     0.00   113.33   113.33    536.66    487.81
LIG 1dog.pdb 1dog.pdb    14    0.00  100.00    1.43    0    1    1     0.00   150.00   150.00    163.17    151.72
BIO 1dr1.pdb 1dr1.pdb    10    0.00   57.69    0.00    0    1    0     0.00   265.38     0.00    237.22    199.56
LIG 1dwb.pdb 1dwb.pdb    25    0.00  100.00    1.73    0    1    1     0.00   397.83   397.83    121.16    116.09
LIG 1dwc.pdb 1dwc.pdb    23    0.00   77.01    3.59    0    1    1     0.00   102.30   102.30    508.63    445.80
MID 1dwd.pdb 1dwd.pdb     8    0.00   93.33    3.01    0    1    1     0.00    96.67    96.67    522.64    449.30
FKI 1dy9.pdb 1dy9.pdb    14    0.00   72.13    3.59    0    1    1     0.00    72.13    72.13    524.49    417.42
HEP 1eap.pdb 1eap.pdb     8    0.00   90.48    1.99    0    1    1     0.00   112.70   112.70    341.30    274.89
LIG 1ebg.pdb 1ebg.pdb    20    0.00  100.00    3.35    0    4    4     0.00   170.97   170.97    152.02    103.03
CHS 1eed.pdb 1eed.pdb    11    0.00   80.81    2.52    0    1    1     0.00   111.11   111.11    632.83    633.08
ANP 1ei1.pdb 1ei1.pdb    72    0.00    0.00    3.37    0    0    2     0.00     0.00    58.23    991.23    607.72
AGB 1ejn.pdb 1ejn.pdb    22    0.00   95.71    3.10    0    1    1     0.00   117.14   117.14    342.46    322.72
LIG 1ela.pdb 1ela.pdb    17    0.00   55.56    2.63    0    2    2     0.00    58.33    58.33    457.51    396.80
LIG 1elb.pdb 1elb.pdb    17    0.00   72.58    3.96    0    2    2     0.00    91.94    91.94    473.55    415.90
LIG 1elc.pdb 1elc.pdb    18    0.00   73.53    3.73    0    1    1     0.00   154.41   154.41    507.57    445.66
LIG 1eld.pdb 1eld.pdb    12    0.00   66.67    3.95    0    3    2     0.00    78.95    87.72    475.38    368.71
LIG 1ele.pdb 1ele.pdb    17    0.00   55.56    2.39    0    1    1     0.00    65.08    65.08    427.34    330.61
Q4N 1eoc.pdb 1eoc.pdb    35    0.00  100.00    2.16    0    3    3     0.00   215.62   215.62    153.09    117.63
REA 1epb.pdb 1epb.pdb     8    0.00   57.75    3.49    0    1    1     0.00   164.79   164.79    299.43    326.10
LIG 1epo.pdb 1epo.pdb    19    0.00   54.74    3.35    0    1    1     0.00    58.95    58.95    653.76    592.27
T44 1eta.pdb 1eta.pdb     5    0.00    0.00    3.52    0    0    1     0.00     0.00    70.27    776.87    337.15
MCP 1etr.pdb 1etr.pdb    10    0.00  100.00    3.60    0    1    1     0.00   127.06   127.06    508.63    455.55
LIG 1ets.pdb 1ets.pdb    27    0.00   61.18    2.98    0    1    1     0.00   180.00   180.00    522.64    443.80
LIG 1ett.pdb 1ett.pdb    21    0.00  100.00    3.71    0    1    1     0.00   185.54   185.54    429.56    394.17
GAS 1etz.pdb 1etz.pdb    28    0.00   86.15    2.10    0    2    2     0.00    86.15    86.15    383.42    356.91
Q81 1f0r.pdb 1f0r.pdb    27    0.00   61.84    2.38    0    1    1     0.00    75.00    75.00    454.55    351.44
PR2 1f0s.pdb 1f0s.pdb    26    0.00   52.86    3.82    0    1    1     0.00   108.57   108.57    427.50    346.07
TPM 1f3d.pdb 1f3d.pdb    32    0.00   58.93    3.42    0    4    4     0.00    66.07    66.07    204.29    208.49
LIG 1fax.pdb 1fax.pdb    20    0.00    0.00    1.32    0    0    4     0.00     0.00    58.82    445.53    415.69
HTA 1fbl.pdb 1fbl.pdb    21    0.00   98.28    3.50    0    2    2     0.00   144.83   144.83    378.44    378.11
AZE 1fen.pdb 1fen.pdb    12    0.00  100.00    3.84    0    1    1     0.00   139.76   139.76    270.45    308.15
SU1 1fgi.pdb 1fgi.pdb    32    0.00   61.40    3.55    0    3    3     0.00    94.74    94.74    295.31    254.92
TSA 1fig.pdb 1fig.pdb    43    0.00   94.34    2.16    0    4    4     0.00   101.89   101.89    226.18    198.23
SB3 1fkg.pdb 1fkg.pdb     5    0.00   69.57    3.35    0    1    1     0.00    69.57    69.57    449.58    428.63
SB1 1fki.pdb 1fki.pdb     6    0.00   85.07    1.22    0    1    1     0.00    85.07    85.07    437.57    444.31
SPB 1fl3.pdb 1fl3.pdb    34    0.00   52.94    3.92    0    8    5     0.00    61.18    65.88    308.35    279.59
FLU 1flr.pdb 1flr.pdb    24    0.00   96.83    3.95    0    2    2     0.00   115.87   115.87    331.30    257.65
FDP 1frp.pdb 1frp.pdb    11    0.00   95.56    2.83    0    1    1     0.00    95.56    95.56    335.08    218.13
ACE 1ghb.pdb 1ghb.pdb     7    0.00   98.04    1.79    0    1    1     0.00   103.92   103.92    245.25    206.44
GTS 1glp.pdb 1glp.pdb    14    0.00   67.65    3.65    0    1    1     0.00   126.47   126.47    447.35    324.91
GTB 1glq.pdb 1glq.pdb    10    0.00   53.49    3.84    0    1    1     0.00   150.00   150.00    507.47    486.19
LIG 1gpy.pdb 1gpy.pdb    12    0.00   98.00    3.01    0    1    1     0.00   194.00   194.00    258.12    198.00
K21 1hak.pdb 1hak.pdb    22    0.00   50.72    2.79    0    1    1     0.00    76.81    76.81    424.60    389.11
CBO 1hdc.pdb 1hdc.pdb    13    0.00   63.29    1.89    0    1    1     0.00    84.81    84.81    568.74    548.00
PYZ 1hdy.pdb 1hdy.pdb     9    0.00  100.00    3.64    0    1    1     0.00   320.00   320.00    192.97     81.31
OME 1hef.pdb 1hef.pdb    10    0.00   93.75    3.46    0    1    1     0.00   175.00   175.00    730.91    677.88
HAP 1hfc.pdb 1hfc.pdb     9    0.00   92.98    1.93    0    1    1     0.00   122.81   122.81    348.42    332.39
LIG 1hiv.pdb 1hiv.pdb    13    0.00   99.00    3.88    0    1    1     0.00   108.00   108.00    812.01    756.31
LIG 1hos.pdb 1hos.pdb    12    0.00   94.90    3.12    0    1    1     0.00    72.45    72.45    770.85    683.79
LIG 1hpv.pdb 1hpv.pdb    11    0.00   74.39    3.22    0    1    1     0.00    81.71    81.71    505.63    445.71
S57 1hri.pdb 1hri.pdb    15    0.00    0.00    3.84    0    0    1     0.00     0.00   123.26    308.80    272.80
LIG 1hsb.pdb 1hsb.pdb    31    0.00  100.00    3.81    0    1    1     0.00   188.52   188.52    244.31    232.08
LIG 1hsl.pdb 1hsl.pdb     8    0.00  100.00    3.77    0    1    1     0.00   105.26   105.26    155.15    135.38
LIG 1htf.pdb 1htf.pdb    12    0.00   98.70    1.50    0    1    1     0.00   150.65   150.65    574.73    563.68
PGA 1hti.pdb 1hti.pdb    14    0.00  100.00    3.85    0    1    1     0.00   163.89   163.89    153.01     98.60
LIG 1hvr.pdb 1hvr.pdb    17    0.00   92.71    2.37    0    1    1     0.00    84.38    84.38    606.75    548.87
BZS 1hyt.pdb 1hyt.pdb    19    0.00   75.51    3.25    0    1    1     0.00    93.88    93.88    206.19    176.73
OBN 1ibg.pdb 1ibg.pdb    26    0.00   81.69    3.76    0    2    2     0.00   104.23   104.23    584.65    511.74
OLA 1icn.pdb 1icn.pdb     8    0.00  100.00    3.91    0    1    1     0.00   140.21   140.21    281.45    333.22
PY2 1ida.pdb 1ida.pdb    12    0.00   91.59    2.96    0    1    1     0.00    93.46    93.46    724.95    662.03
DGX 1igj.pdb 1igj.pdb     5    0.00  100.00    2.93    0    1    1     0.00   136.23   136.23    519.65    459.29
LIP 1imb.pdb 1imb.pdb     8    0.00  100.00    3.97    0    1    1     0.00   368.09   368.09    258.12    176.02
ST1 1ivb.pdb 1ivb.pdb    20    0.00   92.50    3.13    0    2    2     0.00   117.50   117.50    239.16    184.14
ST2 1ivc.pdb 1ivc.pdb    32    0.00   89.19    1.96    0    1    1     0.00   229.73   229.73    209.18    166.62
ST1 1ivd.pdb 1ivd.pdb    31    0.00  100.00    2.17    0    3    3     0.00   215.91   215.91    239.16    178.19
ST3 1ive.pdb 1ive.pdb     9    0.00   97.30    2.84    0    1    1     0.00   275.68   275.68    193.18    162.57
LIG 1ivq.pdb 1ivq.pdb    14    0.00   97.87    3.38    0    1    1     0.00    97.87    97.87    613.83    610.00
LIG 1jao.pdb 1jao.pdb    12    0.00  100.00    2.98    0    1    1     0.00   125.81   125.81    322.40    306.24
LIG 1jap.pdb 1jap.pdb    10    0.00   57.45    3.71    0    9    1     0.00    78.72   119.15    299.35    269.18
AAH 1kel.pdb 1kel.pdb     9    0.00   83.33    3.06    0    1    1     0.00   105.00   105.00    343.25    306.30
PNP 1kno.pdb 1kno.pdb    28    0.00  100.00    1.55    0    2    2     0.00   128.30   128.30    216.11    157.18
ORN 1lah.pdb 1lah.pdb     6    0.00   85.29    3.36    0    3    3     0.00   102.94   102.94    133.17    127.25
PLU 1lcp.pdb 1lcp.pdb     4    0.00   94.29    3.79    0    1    1     0.00   271.43   271.43    165.13    156.37
OXM 1ldm.pdb 1ldm.pdb     7    0.00  100.00    0.00    0    1    0     0.00   470.00     0.00     88.04     67.31
HDS 1lic.pdb 1lic.pdb     8    0.00   94.81    3.84    0    1    1     0.00   119.48   119.48    305.50    338.02
PHS 1lkk.pdb 1lkk.pdb     9    0.00    0.00    3.48    0    0    3     0.00     0.00    41.18    669.55    508.43
NAG 1lmo.pdb 1lmo.pdb     8    0.00   90.00    3.92    0    1    1     0.00   150.00   150.00    424.40    351.97
LIG 1lna.pdb 1lna.pdb     5    0.00   97.83    2.99    0    1    1     0.00   239.13   239.13    246.33    238.33
MPA 1lpm.pdb 1lpm.pdb    15    0.00   86.30    3.70    0    1    1     0.00   171.23   171.23    303.40    310.59
LIG 1lst.pdb 1lst.pdb     7    0.00   94.44    3.77    0    2    2     0.00   105.56   105.56    147.20    145.66
STA 1lyb.pdb 1lyb.pdb    22    0.00   59.00    3.53    0    1    1     0.00    65.00    65.00    684.88    662.48
LIG 1lyl.pdb 1lyl.pdb    26    0.00   90.91    3.87    0    5    2     0.00    90.91   230.30    132.20    145.01
LIG 1mbi.pdb 1mbi.pdb    13    0.00  100.00    1.19    0    2    2     0.00   112.50   112.50     68.08     63.66
NH2 1mcq.pdb 1mcq.pdb    27    0.00   98.53    3.26    0    1    1     0.00   267.65   267.65    293.32    269.47
ACE 1mcr.pdb 1mcr.pdb     7    0.00   98.57    3.32    0    1    1     0.00   164.29   164.29    293.30    257.66
SAA 1mdr.pdb 1mdr.pdb     7    0.00   91.67    1.73    0    2    2     0.00   102.78   102.78    165.17    151.62
PGA 1ml1.pdb 1ml1.pdb    32    0.00  100.00    1.73    0    9    9     0.00   100.00   100.00    153.01     99.48
CIT 1mld.pdb 1mld.pdb     9    0.00   94.12    0.00    0    1    0     0.00   308.82     0.00    189.10    148.19
LIG 1mmb.pdb 1mmb.pdb    12    0.00   81.03    2.83    0    1    1     0.00   134.48   134.48    476.63    418.52
RRS 1mmq.pdb 1mmq.pdb     4    0.00   91.67    2.52    0    1    1     0.00   128.33   128.33    455.57    437.22
LIG 1mnc.pdb 1mnc.pdb    10    0.00   90.32    3.56    0    1    1     0.00   129.03   129.03    348.42    321.59
ADN 1mrg.pdb 1mrg.pdb     4    0.00  100.00    2.31    0    1    1     0.00   212.50   212.50    135.13    104.03
FMC 1mrk.pdb 1mrk.pdb     6    0.00   90.62    3.87    0    1    1     0.00    93.75    93.75    267.24    221.84
BX3 1mts.pdb 1mts.pdb    13    0.00   56.00    3.14    0    1    1     0.00   112.00   112.00    459.56    421.09
LIG 1mtw.pdb 1mtw.pdb    15    0.00   52.86    3.21    0    1    1     0.00    75.71    75.71    445.53    411.66
TZL 1mup.pdb 1mup.pdb    13    0.00  100.00    2.08    0    2    2     0.00   115.38   115.38    143.25    147.62
CHR 1nco.pdb 1nco.pdb     5    0.00   53.41    3.06    0    1    1     0.00    62.50    62.50    660.64    552.05
NPA 1ngp.pdb 1ngp.pdb     7    0.00  100.00    2.99    0    1    1     0.00   157.50   157.50    195.13    147.83
NTC 1nis.pdb 1nis.pdb    11    0.00  100.00    3.86    0    1    1     0.00   175.68   175.68    191.10    139.99
LIG 1nsd.pdb 1nsd.pdb    29    0.00  100.00    3.16    0    2    2     0.00   157.78   157.78    290.25    241.13
LIG 1okl.pdb 1okl.pdb    22    0.00    0.00    1.76    0    0    2     0.00     0.00    50.00    249.31    212.47
LIG 1okm.pdb 1okm.pdb    18    0.00   80.95    2.69    0    2    2     0.00   104.76   104.76    271.34    238.72
PAB 1pbd.pdb 1pbd.pdb    11    0.00   90.62    0.00    0    1    0     0.00   331.25     0.00    136.13    120.43
PGA 1pdz.pdb 1pdz.pdb    32    0.00   89.66    3.32    0    1    1     0.00   213.79   213.79    154.02    105.49
LIG 1pgp.pdb 1pgp.pdb    42    0.00   87.50    3.40    0    4    4     0.00   182.50   182.50    273.11    208.71
PFZ 1pha.pdb 1pha.pdb     7    0.00  100.00    2.45    0    1    1     0.00   125.37   125.37    341.28    299.65
PIM 1phd.pdb 1phd.pdb    10    0.00   53.66    2.37    0    1    1     0.00   351.22   351.22    143.17    134.92
LIG 1phf.pdb 1phf.pdb    30    0.00  100.00    2.79    0    1    1     0.00   107.84   107.84    144.17    130.81
MYT 1phg.pdb 1phg.pdb     8    0.00   92.45    3.98    0    1    1     0.00    92.45    92.45    226.27    210.58
GEL 1poc.pdb 1poc.pdb     7    0.00   91.86    3.13    0    1    1     0.00   115.12   115.12    488.51    435.34
LIG 1ppc.pdb 1ppc.pdb    15    0.00   51.43    3.70    0    1    1     0.00    52.86    52.86    522.64    487.59
LIG 1pph.pdb 1pph.pdb    12    0.00   52.86    3.46    0    1    1     0.00    72.86    72.86    429.56    376.27
GLC 1ppi.pdb 1ppi.pdb    20    0.00   86.67    3.02    0    1    1     0.00    86.67    86.67    808.75    702.42
OPH 1ppl.pdb 1ppl.pdb    23    0.00   50.52    3.83    0    1    1     0.00    53.61    53.61    611.71    542.76
STA 1pso.pdb 1pso.pdb    20    0.00   71.84    3.77    0    1    1     0.00    79.61    79.61    684.88    718.92
PHS 1ptv.pdb 1ptv.pdb    24    0.00  100.00    3.41    0    3    3     0.00   100.00   100.00    259.15    186.76
LIG 1qbr.pdb 1qbr.pdb    13    0.00   89.80    3.85    0    1    1     0.00    62.24    62.24    758.91    660.65
LIG 1qbt.pdb 1qbt.pdb    11    0.00   98.94    1.20    0    1    1     0.00   121.28   121.28    824.92    682.32
LIG 1qbu.pdb 1qbu.pdb    18    0.00   91.75    2.22    0    1    1     0.00    72.16    72.16    596.74    567.64
PP1 1qcf.pdb 1qcf.pdb    45    0.00   98.46    2.16    0    1    1     0.00   169.23   169.23    281.36    262.45
XYP 1qh7.pdb 1qh7.pdb    10    0.00   89.74    2.12    0    1    1     0.00   100.00   100.00    150.13    127.93
ZEN 1ql7.pdb 1ql7.pdb    16    0.00   59.72    3.42    0    1    1     0.00    65.28    65.28    499.02    440.94
PP2 1qpe.pdb 1qpe.pdb    28    0.00   67.35    3.65    0    1    1     0.00   220.41   220.41    301.77    254.64
NTM 1qpq.pdb 1qpq.pdb    13    0.00  100.00    3.74    0    1    1     0.00   271.88   271.88    165.10    127.83
LIG 1rbp.pdb 1rbp.pdb    13    0.00  100.00    3.15    0    1    1     0.00   112.20   112.20    286.45    318.07
GPC 1rds.pdb 1rds.pdb     5    0.00   65.57    2.37    0    1    1     0.00    72.13    72.13    589.41    453.56
C60 1rne.pdb 1rne.pdb    12    0.00   94.74    3.71    0    1    1     0.00   193.86   193.86    730.01    717.37
Q2G 1rnt.pdb 1rnt.pdb     6    0.00   54.76    3.35    0    6    3     0.00    54.76    45.24    361.20    264.19
C2P 1rob.pdb 1rob.pdb     7    0.00   79.55    3.74    0    1    1     0.00    90.91    90.91    321.18    244.15
TNK 1rt2.pdb 1rt2.pdb    93    0.00  100.00    2.40    0    2    2     0.00   128.41   128.41    364.44    325.50
LIG 1sln.pdb 1sln.pdb    11    0.00   75.00    3.99    0    1    1     0.00   180.26   180.26    483.58    410.38
GAL 1slt.pdb 1slt.pdb     3    0.00   65.71    3.83    0    1    1     0.00    68.57    68.57    382.34    309.99
PTP 1snc.pdb 1snc.pdb     4    0.00   77.78    2.87    0    1    1     0.00   109.26   109.26    398.16    290.10
LIG 1srf.pdb 1srf.pdb    14    0.00   85.00    2.17    0    1    1     0.00    95.00    95.00    297.33    286.70
LIG 1srg.pdb 1srg.pdb    20    0.00  100.00    2.52    0    1    2     0.00   107.69    94.23    255.25    231.59
LIG 1srh.pdb 1srh.pdb    15    0.00  100.00    3.58    0    1    1     0.00   147.06   147.06    301.27    268.83
NAB 1srj.pdb 1srj.pdb    10    0.00   91.07    2.64    0    1    1     0.00    96.43    96.43    291.28    244.60
BTN 1stp.pdb 1stp.pdb     6    0.00   60.00    1.20    0    1    1     0.00    62.00    62.00    243.30    208.00
UFP 1tdb.pdb 1tdb.pdb    11    0.00   90.91    0.00    0    1    0     0.00   330.91     0.00    325.16    224.00
N3T 1tka.pdb 1tka.pdb    16    0.00   93.33    3.82    0    1    1     0.00   161.33   161.33    421.30    311.41
LIG 1tlp.pdb 1tlp.pdb    16    0.00   83.58    3.73    0    1    1     0.00   129.85   129.85    541.49    470.19
CLT 1tmn.pdb 1tmn.pdb    23    0.00    0.00    3.14    0    0    1     0.00     0.00    70.77    478.56    435.07
AMC 1tng.pdb 1tng.pdb     6    0.00   97.56    2.21    0    1    1     0.00   117.07   117.07    114.21    129.28
LIG 1tnh.pdb 1tnh.pdb    12    0.00  100.00    3.55    0    1    1     0.00   156.41   156.41    126.15    120.95
PBN 1tni.pdb 1tni.pdb     6    0.00   95.12    3.78    0    1    1     0.00   173.17   173.17    150.24    163.51
TPA 1tnl.pdb 1tnl.pdb     5    0.00  100.00    3.75    0    1    1     0.00   209.76   209.76    134.20    140.39
PGH 1tph.pdb 1tph.pdb     9    0.00  100.00    3.49    0    1    1     0.00   169.70   169.70    167.01    115.28
APA 1tpp.pdb 1tpp.pdb     9    0.00   87.50    3.12    0    1    1     0.00    89.58    89.58    222.20    191.25
TPP 1trk.pdb 1trk.pdb    14    0.00  100.00    2.77    0    1    1     0.00   111.39   111.39    423.30    304.84
TYL 1tyl.pdb 1tyl.pdb     3    0.00   78.57    2.84    0    2    2     0.00   114.29   114.29    151.16    137.27
AMP 1ukz.pdb 1ukz.pdb     8    0.00   83.87    3.70    0    1    1     0.00   124.19   124.19    345.21    262.61
GUN 1ulb.pdb 1ulb.pdb     8    0.00  100.00    3.08    0    1    1     0.00   241.86   241.86    151.13    112.67
LIG 1uvs.pdb 1uvs.pdb    21    0.00   97.67    3.72    0    1    1     0.00   176.74   176.74    466.62    416.45
LIG 1uvt.pdb 1uvt.pdb    20    0.00   94.81    3.87    0    1    1     0.00   116.88   116.88    384.47    347.84
V36 1vgc.pdb 1vgc.pdb    13    0.00   89.47    3.54    0    1    1     0.00   122.81   122.81    255.46    201.97
SD8 1vrh.pdb 1vrh.pdb    20    0.00   63.64    3.79    0    1    1     0.00    75.76    75.76    388.51    337.76
LTR 1wap.pdb 1wap.pdb     8    0.00   96.94    3.75    0    1    1     0.00   176.53   176.53    588.48    572.55
ASC 1xid.pdb 1xid.pdb     4    0.00   76.60    3.30    0    1    1     0.00   174.47   174.47    175.12    136.32
ASO 1xie.pdb 1xie.pdb     5    0.00   69.77    0.00    0    1    0     0.00   223.26     0.00    164.16    143.66
Q4P 1xkb.pdb 1xkb.pdb    16    0.00   51.16    2.32    0    1    2     0.00   129.07    44.19    389.47    367.56
IQP 1ydr.pdb 1ydr.pdb    30    0.00   70.91    1.61    0    2    2     0.00   103.64   103.64    292.38    242.34
IQS 1yds.pdb 1yds.pdb    31    0.00  100.00    3.73    0    1    1     0.00   225.00   225.00    266.34    230.16
IQB 1ydt.pdb 1ydt.pdb    26    0.00   97.62    3.62    0    1    1     0.00   142.86   142.86    447.37    367.56
PNB 1yee.pdb 1yee.pdb    26    0.00   93.83    2.23    0    1    1     0.00   149.38   149.38    356.22    291.30
GEP 25c8.pdb 25c8.pdb    29    0.00   92.50    2.97    0    1    1     0.00   140.00   140.00    332.44    334.21
Q2G 2aad.pdb 2aad.pdb    14    0.00   92.11    3.74    0    4    4     0.00    97.37    97.37    361.20    274.32
EDR 2ack.pdb 2ack.pdb    19    0.00  100.00    1.50    0    1    1     0.00   146.43   146.43    166.24    174.10
HPR 2ada.pdb 2ada.pdb     7    0.00   84.31    3.50    0    1    1     0.00   158.82   158.82    270.24    208.07
AMP 2ak3.pdb 2ak3.pdb     8    0.00   88.46    3.52    0    1    1     0.00   119.23   119.23    345.21    255.83
GAS 2cgr.pdb 2cgr.pdb     6    0.00   98.59    2.25    0    1    1     0.00   114.08   114.08    384.43    333.43
BAR 2cht.pdb 2cht.pdb     5    0.00  100.00    3.25    0    1    1     0.00   157.50   157.50    226.18    192.08
CIT 2cmd.pdb 2cmd.pdb     6    0.00  100.00    3.77    0    1    1     0.00   255.88   255.88    189.10    149.62
LIG 2cpp.pdb 2cpp.pdb    27    0.00   81.08    3.41    0    2    2     0.00   135.14   135.14    152.23    169.11
LOF 2ctc.pdb 2ctc.pdb     5    0.00  100.00    1.88    0    1    1     0.00   135.42   135.42    165.17    142.64
S5H 2dbl.pdb 2dbl.pdb     7    0.00   81.43    3.32    0    1    1     0.00    81.43    81.43    417.56    396.44
LIG 2er7.pdb 2er7.pdb    19    0.00    0.00    3.95    0    0    1     0.00     0.00    75.97   1099.30   1054.85
FMN 2fox.pdb 2fox.pdb     7    0.00   56.45    3.94    0    2    1     0.00    58.06    48.39    456.34    352.01
GLC 2gbp.pdb 2gbp.pdb     8    0.00   79.49    2.10    0    1    1     0.00    79.49    79.49    180.16    155.29
LIG 2h4n.pdb 2h4n.pdb    19    0.00  100.00    1.82    0    1    1     0.00   155.00   155.00    221.24    153.19
LIG 2ifb.pdb 2ifb.pdb    11    0.00  100.00    3.80    0    1    1     0.00   130.00   130.00    255.42    284.99
LIG 2lgs.pdb 2lgs.pdb     7    0.00   94.29    3.30    0    1    1     0.00   205.71   205.71    146.12    124.39
PC1 2mcp.pdb 2mcp.pdb     4    0.00   93.10    3.08    0    1    1     0.00    93.10    93.10    183.14    159.50
LIG 2mip.pdb 2mip.pdb    29    0.00   97.17    3.58    0    1    1     0.00   117.92   117.92    752.96    743.30
Q1P 2pcp.pdb 2pcp.pdb    35    0.00   98.51    2.45    0    1    1     0.00   137.31   137.31    244.40    254.34
PHB 2phh.pdb 2phh.pdb    15    0.00   83.87    0.00    0    1    0     0.00   338.71     0.00    137.11    117.35
ACA 2pk4.pdb 2pk4.pdb     3    0.00  100.00    0.83    0    1    1     0.00   141.94   141.94    131.17    136.11
SPH 2plv.pdb 2plv.pdb    17    0.00   90.62    3.95    0    1    1     0.00   134.38   134.38    300.50    341.79
G39 2qwk.pdb 2qwk.pdb    26    0.00   90.00    3.27    0    1    1     0.00   110.00   110.00    284.35    275.12
LIG 2r04.pdb 2r04.pdb    24    0.00  100.00    2.90    0    1    1     0.00   224.49   224.49    342.43    317.73
W33 2r07.pdb 2r07.pdb    18    0.00    0.00    3.45    0    0    2     0.00     0.00    77.00    326.39    313.09
DAN 2sim.pdb 2sim.pdb     3    0.00   96.61    3.12    0    1    1     0.00   184.75   184.75    290.25    235.72
LIG 2tmn.pdb 2tmn.pdb    18    0.00   87.50    2.01    0    1    1     0.00   189.58   189.58    208.15    181.10
LIG 2tsc.pdb 2tsc.pdb    13    0.00   64.71    2.86    0    1    1     0.00    70.59    70.59    475.45    401.87
OTG 2yhx.pdb 2yhx.pdb     9    0.00   62.50    3.35    0    1    1     0.00   187.50   187.50    297.30    259.40
LIG 2ypi.pdb 2ypi.pdb    22    0.00  100.00    3.89    0    1    1     0.00   250.00   250.00    153.01    101.86
CLM 3cla.pdb 3cla.pdb     8    0.00   69.57    2.14    0    3    3     0.00    89.13    89.13    323.13    240.23
LIG 3cpa.pdb 3cpa.pdb    20    0.00   72.88    3.97    0    1    1     0.00   142.37   142.37    237.23    202.13
DES 3erd.pdb 3erd.pdb    22    0.00   96.30    3.43    0    1    1     0.00   103.70   103.70    268.35    271.54
OHT 3ert.pdb 3ert.pdb    22    0.00   97.47    2.66    0    1    1     0.00   154.43   154.43    388.52    380.83
CIN 3gch.pdb 3gch.pdb     5    0.00   91.49    3.62    0    1    1     0.00   108.51   108.51    177.18    160.86
G1P 3gpb.pdb 3gpb.pdb    61    0.00    0.00    2.96    0    0    1     0.00     0.00   136.54    519.26    404.72
NEV 3hvt.pdb 3hvt.pdb    10    0.00  100.00    1.89    0    1    1     0.00   145.21   145.21    266.30    241.22
MPB 3mth.pdb 3mth.pdb     7    0.00  100.00    1.77    0    4    4     0.00   132.14   132.14    152.15    137.45
HAR 3nos.pdb 3nos.pdb    29    0.00   98.15    3.83    0    2    2     0.00   170.37   170.37    191.21    168.12
FLP 3pgh.pdb 3pgh.pdb    38    0.00   94.64    3.45    0    1    1     0.00   376.79   376.79    243.25    218.39
BEN 3ptb.pdb 3ptb.pdb     6    0.00   91.89    1.43    0    1    1     0.00    94.59    94.59    121.16    114.11
LIG 3tpi.pdb 3tpi.pdb     7    0.00   63.79    3.88    0    1    1     0.00   139.66   139.66    230.30    226.23
PQQ 4aah.pdb 4aah.pdb    24    0.00  100.00    3.63    0    1    1     0.00   143.48   143.48    327.18    217.75
IMN 4cox.pdb 4cox.pdb    19    0.00   86.30    3.97    0    1    1     0.00   178.08   178.08    356.78    296.65
OAA 4cts.pdb 4cts.pdb    14    0.00   59.26    3.47    0    1    2     0.00   196.30   162.96    130.06     94.10
MTX 4dfr.pdb 4dfr.pdb     9    0.00   71.56    3.92    0    1    1     0.00    63.30    63.30    831.67    738.97
LIG 4er2.pdb 4er2.pdb    15    0.00    0.00    3.18    0    0    1     0.00     0.00    58.25    684.88    708.34
FPA 4est.pdb 4est.pdb    14    0.00   53.49    3.90    0    2    2     0.00    51.16    51.16    524.56    481.62
FDS 4fab.pdb 4fab.pdb     8    0.00   98.41    3.86    0    1    1     0.00   126.98   126.98    330.29    280.08
LIG 4fbp.pdb 4fbp.pdb    21    0.00   80.00    3.50    0    2    3     0.00   198.00   160.00    345.21    263.22
Q96 4lbd.pdb 4lbd.pdb    23    0.00   98.77    3.56    0    1    1     0.00   123.46   123.46    398.45    344.30
VAC 4phv.pdb 4phv.pdb    11    0.00   99.01    1.68    0    1    1     0.00   124.75   124.75    618.76    570.03
LIG 4tpi.pdb 4tpi.pdb    19    0.00  100.00    3.82    0    1    1     0.00   130.19   130.19    216.28    216.29
LIG 5abp.pdb 5abp.pdb    20    0.00  100.00    1.45    0    4    4     0.00   100.00   100.00    180.16    154.97
LIG 5cpp.pdb 5cpp.pdb    30    0.00   95.65    1.11    0    1    1     0.00   119.57   119.57    150.22    146.88
LIG 5er1.pdb 5er1.pdb    18    0.00    0.00    3.98    0    0    3     0.00     0.00    55.07    521.71    530.16
DHG 5p2p.pdb 5p2p.pdb     4    0.00   65.48    3.76    0    1    1     0.00    67.86    67.86    422.52    402.75
ARA 6abp.pdb 6abp.pdb     6    0.00  100.00    1.16    0    2    2     0.00   109.09   109.09    150.13    126.59
LIG 6cpa.pdb 6cpa.pdb    24    0.00   91.30    3.12    0    1    1     0.00    95.65    95.65    476.42    410.61
Q2A 6rnt.pdb 6rnt.pdb     2    0.00   52.78    3.36    0    1    1     0.00   108.33   108.33    346.21    249.94
UVC 6rsa.pdb 6rsa.pdb     6    0.00   97.62    3.43    0    1    1     0.00   180.95   180.95    321.16    231.09
LIG 7cpa.pdb 7cpa.pdb    19    0.00   75.90    3.72    0    1    1     0.00    90.36    90.36    580.57    473.11
PGH 7tim.pdb 7tim.pdb     5    0.00   93.94    1.35    0    2    2     0.00    93.94    93.94    169.03    114.32
LIG 8gch.pdb 8gch.pdb     4    0.00   72.73    3.89    0    1    1     0.00    90.91    90.91    332.35    290.25
