LIG | COMPLEXE | APO | NB_PCK | OVLP1 | OVLP2 | DIST_CM | POS1 | POS2 | POS3 | REL_OVLP1 | REL_OVLP2 | REL_OVLP3 | LIGMASS | LIGVOL
DIP 1a07.pdb 1a07.pdb    14    0.00    0.00    3.80    0    0    5     0.00     0.00    78.00    474.61    433.72
HEP 1a0q.pdb 1a0q.pdb    27    0.00  100.00    1.71    0    1    1     0.00   214.06   214.06    341.30    308.88
DIP 1a1b.pdb 1a1b.pdb    13    0.00   52.94    2.13    0    2    2     0.00    52.94    52.94    568.58    544.59
DIY 1a1e.pdb 1a1e.pdb    14    0.00   64.71    3.80    0    1    1     0.00    67.65    67.65    552.53    471.59
STR 1a28.pdb 1a28.pdb    18    0.00   98.44    3.17    0    1    1     0.00   117.19   117.19    314.46    325.35
BZO 1a42.pdb 1a42.pdb    19    0.00   76.79    3.64    0    2    2     0.00    82.14    82.14    383.51    311.82
ZMR 1a4g.pdb 1a4g.pdb    50    0.00   82.00    3.36    0    4    6     0.00   102.00    92.00    332.31    281.95
FRA 1a4k.pdb 1a4k.pdb    30    0.00   62.82    3.90    0    2    2     0.00    67.95    67.95    426.40    358.96
DPC 1a4q.pdb 1a4q.pdb    52    0.00   88.71    3.13    0    1    1     0.00    91.94    91.94    389.45    374.36
NIP 1a6w.pdb 1a6w.pdb    11    0.00   95.74    1.08    0    1    1     0.00    95.74    95.74    350.11    216.35
SB2 1a9u.pdb 1a9u.pdb    31    0.00   64.52    3.20    0    3    3     0.00    90.32    90.32    377.43    332.19
PSI 1aaq.pdb 1aaq.pdb     7    0.00   94.68    2.57    0    1    1     0.00   109.57   109.57    578.72    548.99
LIG 1abe.pdb 1abe.pdb    20    0.00  100.00    1.18    0    5    5     0.00   109.09   109.09    150.13    135.06
LIG 1abf.pdb 1abf.pdb    16    0.00  100.00    1.73    0    4    4     0.00   100.00   100.00    164.16    148.95
THA 1acj.pdb 1acj.pdb     3    0.00  100.00    3.70    0    1    1     0.00   179.66   179.66    199.27    182.36
DME 1acl.pdb 1acl.pdb     6    0.00   81.18    3.25    0    1    1     0.00   129.41   129.41    258.49    307.73
PAL 1acm.pdb 1acm.pdb     6    0.00   73.33    2.99    0    2    1     0.00   108.89   120.00    251.09    177.98
TRA 1aco.pdb 1aco.pdb     7    0.00   96.88    3.06    0    2    2     0.00   153.12   153.12    171.08    132.03
E64 1aec.pdb 1aec.pdb     4    0.00   75.81    3.98    0    1    1     0.00    82.26    82.26    390.48    364.70
ADE 1aha.pdb 1aha.pdb     4    0.00  100.00    2.23    0    1    1     0.00   164.86   164.86    135.13    110.98
MNP 1ai5.pdb 1ai5.pdb    24    0.00  100.00    2.38    0    1    1     0.00   321.95   321.95    180.14    145.19
NPE 1aj7.pdb 1aj7.pdb    33    0.00   75.00    2.17    0    3    3     0.00    80.36    80.36    301.19    242.33
AP5 1ake.pdb 1ake.pdb    36    0.00   53.44    3.89    0    1    1     0.00   116.03   116.03    911.33    629.77
LIG 1aoe.pdb 1aoe.pdb    31    0.00   89.29    0.97    0    1    5     0.00   276.79   123.21    270.35    263.30
LTA 1apt.pdb 1apt.pdb     8    0.00   80.95    3.96    0    1    1     0.00   101.19   101.19    501.68    485.70
LIG 1apu.pdb 1apu.pdb    12    0.00   76.92    3.68    0    1    1     0.00   111.54   111.54    485.66    479.58
ILG 1aqw.pdb 1aqw.pdb    28    0.00   78.16    2.28    0    1    1     0.00   125.29   125.29    426.37    399.87
NOP 1ase.pdb 1ase.pdb     6    0.00  100.00    3.23    0    1    1     0.00   239.02   239.02    259.13    195.72
CH3 1atl.pdb 1atl.pdb     7    0.00   94.74    3.24    0    1    1     0.00   129.82   129.82    338.44    318.49
AZM 1azm.pdb 1azm.pdb    21    0.00   61.36    2.73    0    2    2     0.00   102.27   102.27    221.24    155.97
LIG 1b58.pdb 1b58.pdb    21    0.00   76.09    3.15    0    1    1     0.00   116.30   116.30    439.55    406.19
OVA 1b59.pdb 1b59.pdb    28    0.00   84.13    3.59    0    1    1     0.00   109.52   109.52    311.37    300.07
PI3 1b6n.pdb 1b6n.pdb    14    0.00   87.50    3.07    0    1    1     0.00   137.50   137.50    433.58    429.89
RA2 1b9v.pdb 1b9v.pdb    25    0.00   92.45    3.58    0    2    2     0.00   101.89   101.89    349.40    319.11
NPP 1baf.pdb 1baf.pdb     7    0.00   90.00    2.88    0    1    1     0.00   120.00   120.00    396.44    357.14
BLV 1bbp.pdb 1bbp.pdb    12    0.00   95.93    3.44    0    1    1     0.00   173.17   173.17    580.63    534.86
I10 1bgo.pdb 1bgo.pdb    16    0.00   61.43    2.53    0    2    2     0.00    61.43    61.43    512.66    447.04
SB4 1bl7.pdb 1bl7.pdb    29    0.00   70.31    3.02    0    2    2     0.00    96.88    96.88    338.38    313.40
FOS 1blh.pdb 1blh.pdb     5    0.00  100.00    3.87    0    1    1     0.00   157.14   157.14    243.15    186.90
ISO 1bma.pdb 1bma.pdb     8    0.00   72.73    2.53    0    1    1     0.00    72.73    72.73    521.59    493.91
MNO 1bmq.pdb 1bmq.pdb    20    0.00   63.77    3.55    0    5    5     0.00    63.77    63.77    576.68    489.97
GLC 1byb.pdb 1byb.pdb    17    0.00   55.77    1.47    0    1    1     0.00   102.88   102.88    666.58    555.87
STU 1byg.pdb 1byg.pdb    25    0.00   72.46    3.61    0    1   17     0.00   150.72    43.48    467.54    404.55
TRZ 1c12.pdb 1c12.pdb    26   77.59  100.00    2.50    1    1    1   186.21   171.43   171.43    315.43    302.98
ENH 1c1e.pdb 1c1e.pdb     7    0.00   94.44    1.88    0    1    1     0.00   138.89   138.89    383.87    244.12
NHS 1c2t.pdb 1c2t.pdb    16    0.00   81.94    3.79    0    1    1     0.00   123.61   123.61    479.42    375.68
TK4 1c5c.pdb 1c5c.pdb    29    0.00   91.80    2.24    0    2    2     0.00   155.74   155.74    344.34    259.22
ESI 1c5x.pdb 1c5x.pdb    17    0.00   87.23    3.91    0    2    2     0.00   106.38   106.38    303.14    174.81
OAI 1c83.pdb 1c83.pdb    25    0.00   95.24    2.26    0    1    1     0.00   104.76   104.76    246.18    190.67
REA 1cbs.pdb 1cbs.pdb     8    0.00   65.52    3.39    0    2    2     0.00    98.28    98.28    299.43    316.91
BZS 1cbx.pdb 1cbx.pdb     3    0.00  100.00    3.65    0    1    1     0.00   182.35   182.35    206.19    179.54
MAL 1cdg.pdb 1cdg.pdb     1    0.00    0.00    0.00    0    0    0     0.00     0.00     0.00    342.30    298.92
HAZ 1cf8.pdb 1cf8.pdb    29    0.00   68.75    3.10    0    2    2     0.00    73.75    73.75    458.53    439.52
ETS 1cil.pdb 1cil.pdb     7    0.00   67.35    1.39    0    1    1     0.00    71.43    71.43    324.44    243.98
MTS 1cin.pdb 1cin.pdb    16    0.00   72.34    2.24    0    2    2     0.00    72.34    72.34    310.41    244.14
PVB 1ckp.pdb 1ckp.pdb    25    0.00   93.44    2.66    0    1    1     0.00   186.89   186.89    259.69    221.14
CLL 1cle.pdb 1cle.pdb    26    0.00    0.00    2.87    0    0    1     0.00     0.00    47.29    649.08    649.30
PRE 1com.pdb 1com.pdb     7   58.93  100.00    3.01    1    1    1   223.21   304.88   304.88    224.17    185.80
AND 1coy.pdb 1coy.pdb    10    0.00  100.00    3.95    0    1    1     0.00   217.24   217.24    288.42    294.73
CPM 1cps.pdb 1cps.pdb    14    0.00   98.25    2.81    0    1    1     0.00   108.77   108.77    239.31    220.56
Q80 1cqp.pdb 1cqp.pdb    25    0.00   80.26    2.58    0    1    1     0.00   100.00   100.00    404.54    403.75
TFP 1ctr.pdb 1ctr.pdb    10    0.00   62.69    3.40    0    1    4     0.00   211.94    41.79    403.46    294.51
DHZ 1ctt.pdb 1ctt.pdb    14    0.00   83.33    3.77    0    2    2     0.00    83.33    83.33    230.22    195.07
ACD 1cvu.pdb 1cvu.pdb    21    0.00   97.44    3.96    0    1    1     0.00   165.38   165.38    303.46    327.19
S58 1cx2.pdb 1cx2.pdb    25    0.00   55.07    3.02    0    1    8     0.00   146.38    34.78    446.24    298.84
BLG 1d0l.pdb 1d0l.pdb    20    0.00    0.00    3.78    0    0    3     0.00     0.00    60.87    549.53    424.85
A26 1d3h.pdb 1d3h.pdb    29    0.00   93.94    2.00    0    1    1     0.00   156.06   156.06    270.21    194.74
BPP 1d4p.pdb 1d4p.pdb    22    0.00   64.77    3.78    0    1    1     0.00   132.95   132.95    360.45    355.89
STR 1dbb.pdb 1dbb.pdb     6    0.00  100.00    3.22    0    1    1     0.00   139.66   139.66    314.46    315.28
AE2 1dbj.pdb 1dbj.pdb     4    0.00  100.00    3.38    0    1    1     0.00   103.03   103.03    290.44    290.86
LIG 1dbm.pdb 1dbm.pdb    32    0.00   98.36    3.77    0    1    1     0.00    98.36    98.36    429.53    398.22
Q1P 1dd7.pdb 1dd7.pdb    27    0.00   95.71    2.57    0    1    1     0.00   100.00   100.00    479.49    399.01
TOP 1dg5.pdb 1dg5.pdb    10    0.00   78.33    2.62    0    1    1     0.00   228.33   228.33    290.32    260.15
FOL 1dhf.pdb 1dhf.pdb    11    0.00   88.89    3.30    0    1    1     0.00   146.91   146.91    439.38    385.31
DIG 1did.pdb 1did.pdb     4    0.00   88.64    2.67    0    2    2     0.00    97.73    97.73    163.17    146.64
DNJ 1die.pdb 1die.pdb    11    0.00   88.10    3.71    0    1    1     0.00   190.48   190.48    163.17    142.07
LIG 1dmp.pdb 1dmp.pdb     9    0.00   94.67    1.64    0    1    1     0.00   110.67   110.67    536.66    485.06
LIG 1dog.pdb 1dog.pdb    12    0.00  100.00    1.43    0    1    1     0.00   150.00   150.00    163.17    147.75
BIO 1dr1.pdb 1dr1.pdb     9    0.00   57.69    0.00    0    1    0     0.00   265.38     0.00    237.22    194.35
LIG 1dwb.pdb 1dwb.pdb    24    0.00  100.00    1.73    0    1    1     0.00   397.83   397.83    121.16    119.05
LIG 1dwc.pdb 1dwc.pdb    22    0.00   77.01    3.59    0    1    1     0.00   102.30   102.30    508.63    450.60
MID 1dwd.pdb 1dwd.pdb     8    0.00   93.33    3.01    0    1    1     0.00    96.67    96.67    522.64    444.02
FKI 1dy9.pdb 1dy9.pdb    13    0.00   72.13    3.59    0    1    1     0.00    72.13    72.13    524.49    426.81
HEP 1eap.pdb 1eap.pdb     7    0.00   90.48    1.96    0    1    1     0.00   111.11   111.11    341.30    301.04
LIG 1ebg.pdb 1ebg.pdb    19    0.00   87.10    1.39    0    5    5     0.00    87.10    87.10    152.02    102.12
CHS 1eed.pdb 1eed.pdb     6    0.00   77.78    2.66    0    1    1     0.00   108.08   108.08    632.83    640.33
ANP 1ei1.pdb 1ei1.pdb    71    0.00    0.00    3.37    0    0    2     0.00     0.00    58.23    991.23    748.64
AGB 1ejn.pdb 1ejn.pdb    22    0.00   61.43    3.70    0    1    1     0.00    61.43    61.43    342.46    315.41
LIG 1ela.pdb 1ela.pdb    15    0.00   55.56    2.63    0    2    2     0.00    58.33    58.33    457.51    440.42
LIG 1elb.pdb 1elb.pdb    17    0.00   72.58    3.96    0    2    2     0.00    91.94    91.94    473.55    435.46
LIG 1elc.pdb 1elc.pdb    17    0.00   72.06    2.98    0    1    1     0.00   105.88   105.88    507.57    413.52
LIG 1eld.pdb 1eld.pdb    14    0.00   66.67    3.66    0    3    2     0.00    78.95    73.68    475.38    364.41
LIG 1ele.pdb 1ele.pdb    14    0.00   61.90    3.50    0    3    2     0.00    61.90    65.08    427.34    348.66
Q4N 1eoc.pdb 1eoc.pdb    34    0.00  100.00    2.58    0    2    2     0.00   246.88   246.88    153.09    116.52
REA 1epb.pdb 1epb.pdb     7    0.00   57.75    3.13    0    1    1     0.00   145.07   145.07    299.43    307.53
LIG 1epo.pdb 1epo.pdb    17    0.00   54.74    3.35    0    1    1     0.00    58.95    58.95    653.76    606.85
T44 1eta.pdb 1eta.pdb     4    0.00   59.46    3.96    0    1    1     0.00    78.38    78.38    776.87    334.48
MCP 1etr.pdb 1etr.pdb    10    0.00  100.00    3.60    0    1    1     0.00   127.06   127.06    508.63    453.74
LIG 1ets.pdb 1ets.pdb    26    0.00   60.00    3.72    0    1    1     0.00   155.29   155.29    522.64    468.18
LIG 1ett.pdb 1ett.pdb    21    0.00  100.00    3.71    0    1    1     0.00   185.54   185.54    429.56    377.44
GAS 1etz.pdb 1etz.pdb    27    0.00   86.15    2.10    0    2    2     0.00    86.15    86.15    383.42    354.82
Q81 1f0r.pdb 1f0r.pdb    29    0.00   61.84    2.38    0    1    1     0.00    75.00    75.00    454.55    383.04
PR2 1f0s.pdb 1f0s.pdb    25    0.00   52.86    3.82    0    1    1     0.00   108.57   108.57    427.50    326.88
TPM 1f3d.pdb 1f3d.pdb    29    0.00   58.93    3.42    0    2    2     0.00    66.07    66.07    204.29    206.26
LIG 1fax.pdb 1fax.pdb    21    0.00    0.00    1.20    0    0    4     0.00     0.00    43.53    445.53    389.60
HTA 1fbl.pdb 1fbl.pdb    21    0.00   98.28    2.39    0    2    2     0.00   131.03   131.03    378.44    343.94
AZE 1fen.pdb 1fen.pdb    12    0.00  100.00    3.84    0    1    1     0.00   139.76   139.76    270.45    301.28
SU1 1fgi.pdb 1fgi.pdb    30    0.00   56.14    3.28    0    2    2     0.00   100.00   100.00    295.31    252.62
TSA 1fig.pdb 1fig.pdb    43    0.00   94.34    2.16    0    4    4     0.00   101.89   101.89    226.18    181.83
SB3 1fkg.pdb 1fkg.pdb     3    0.00   69.57    3.35    0    1    1     0.00    69.57    69.57    449.58    433.55
SB1 1fki.pdb 1fki.pdb     6    0.00   77.61    0.86    0    1    1     0.00    77.61    77.61    437.57    429.33
SPB 1fl3.pdb 1fl3.pdb    34    0.00   61.18    2.37    0    3    3     0.00    60.00    60.00    308.35    311.82
FLU 1flr.pdb 1flr.pdb    22    0.00   96.83    3.95    0    2    2     0.00   115.87   115.87    331.30    272.03
FDP 1frp.pdb 1frp.pdb     9    0.00   95.56    2.83    0    1    1     0.00    95.56    95.56    335.08    228.74
ACE 1ghb.pdb 1ghb.pdb     5    0.00   98.04    1.79    0    1    1     0.00   103.92   103.92    245.25    222.03
GTS 1glp.pdb 1glp.pdb    15    0.00   67.65    3.65    0    1    1     0.00   126.47   126.47    447.35    356.64
GTB 1glq.pdb 1glq.pdb     9    0.00   53.49    3.84    0    1    1     0.00   150.00   150.00    507.47    453.34
LIG 1gpy.pdb 1gpy.pdb    11    0.00   98.00    2.96    0    1    1     0.00   192.00   192.00    258.12    194.75
K21 1hak.pdb 1hak.pdb    21    0.00   72.46    2.79    0    1    2     0.00    92.75    76.81    424.60    404.02
CBO 1hdc.pdb 1hdc.pdb    11    0.00   60.76    1.91    0    1    1     0.00    81.01    81.01    568.74    522.87
PYZ 1hdy.pdb 1hdy.pdb    10    0.00   60.00    3.21    0    1    2     0.00   180.00   120.00    192.97     83.08
OME 1hef.pdb 1hef.pdb     8    0.00   93.75    3.46    0    1    1     0.00   175.00   175.00    730.91    735.12
HAP 1hfc.pdb 1hfc.pdb     9    0.00   92.98    1.93    0    1    1     0.00   122.81   122.81    348.42    324.02
LIG 1hiv.pdb 1hiv.pdb    11    0.00   99.00    3.88    0    1    1     0.00   108.00   108.00    812.01    801.46
LIG 1hos.pdb 1hos.pdb    12    0.00   86.73    3.19    0    1    1     0.00    65.31    65.31    770.85    659.48
LIG 1hpv.pdb 1hpv.pdb    11    0.00   74.39    3.60    0    1    1     0.00    78.05    78.05    505.63    480.07
S57 1hri.pdb 1hri.pdb    15    0.00    0.00    3.84    0    0    1     0.00     0.00   123.26    308.80    277.36
LIG 1hsb.pdb 1hsb.pdb    30    0.00   96.72    3.90    0    1    1     0.00   168.85   168.85    244.31    237.17
LIG 1hsl.pdb 1hsl.pdb     8    0.00  100.00    3.77    0    1    1     0.00   105.26   105.26    155.15    133.61
LIG 1htf.pdb 1htf.pdb    10    0.00   98.70    1.58    0    1    1     0.00   150.65   150.65    574.73    526.31
PGA 1hti.pdb 1hti.pdb    14    0.00   94.44    1.30    0    1    1     0.00   150.00   150.00    153.01    100.39
LIG 1hvr.pdb 1hvr.pdb    14    0.00   92.71    2.37    0    1    1     0.00    84.38    84.38    606.75    615.23
BZS 1hyt.pdb 1hyt.pdb    18    0.00   75.51    3.25    0    1    1     0.00    93.88    93.88    206.19    183.29
OBN 1ibg.pdb 1ibg.pdb    24    0.00   81.69    3.76    0    1    1     0.00   104.23   104.23    584.65    498.88
OLA 1icn.pdb 1icn.pdb     8    0.00  100.00    3.91    0    1    1     0.00   139.18   139.18    281.45    325.28
PY2 1ida.pdb 1ida.pdb    14    0.00   71.03    3.31    0    1    1     0.00    55.14    55.14    724.95    720.10
DGX 1igj.pdb 1igj.pdb     6    0.00   89.86    3.79    0    1    1     0.00   114.49   114.49    519.65    509.58
LIP 1imb.pdb 1imb.pdb     9    0.00  100.00    3.65    0    1    1     0.00   331.91   331.91    258.12    192.72
ST1 1ivb.pdb 1ivb.pdb    20    0.00  100.00    3.33    0    2    2     0.00   125.00   125.00    239.16    179.63
ST2 1ivc.pdb 1ivc.pdb    29    0.00   81.08    3.92    0    5    5     0.00   118.92   118.92    209.18    175.99
ST1 1ivd.pdb 1ivd.pdb    29    0.00   88.64    3.05    0    3    3     0.00   127.27   127.27    239.16    196.43
ST3 1ive.pdb 1ive.pdb     9    0.00   97.30    2.84    0    1    1     0.00   275.68   275.68    193.18    168.29
LIG 1ivq.pdb 1ivq.pdb    13    0.00   97.87    3.40    0    1    1     0.00    96.81    96.81    613.83    606.26
LIG 1jao.pdb 1jao.pdb    12    0.00  100.00    2.98    0    1    1     0.00   125.81   125.81    322.40    298.25
LIG 1jap.pdb 1jap.pdb    12    0.00   57.45    3.71    0    7    1     0.00    78.72   119.15    299.35    281.45
AAH 1kel.pdb 1kel.pdb     9    0.00   83.33    2.19    0    1    1     0.00    95.00    95.00    343.25    292.59
PNP 1kno.pdb 1kno.pdb    27    0.00  100.00    1.55    0    2    2     0.00   128.30   128.30    216.11    171.20
ORN 1lah.pdb 1lah.pdb     5    0.00   85.29    3.36    0    3    3     0.00   102.94   102.94    133.17    134.19
PLU 1lcp.pdb 1lcp.pdb     4    0.00   94.29    3.76    0    1    1     0.00   254.29   254.29    165.13    150.56
OXM 1ldm.pdb 1ldm.pdb     7    0.00  100.00    0.00    0    1    0     0.00   470.00     0.00     88.04     70.12
HDS 1lic.pdb 1lic.pdb     8    0.00   84.42    3.53    0    1    1     0.00    89.61    89.61    305.50    338.83
PHS 1lkk.pdb 1lkk.pdb     6    0.00    0.00    3.48    0    0    2     0.00     0.00    41.18    669.55    512.44
NAG 1lmo.pdb 1lmo.pdb     7    0.00   90.00    3.95    0    1    1     0.00   105.00   105.00    424.40    352.55
LIG 1lna.pdb 1lna.pdb     4    0.00   71.74    2.53    0    1    1     0.00   158.70   158.70    246.33    264.47
MPA 1lpm.pdb 1lpm.pdb    13    0.00   86.30    3.70    0    1    1     0.00   171.23   171.23    303.40    308.53
LIG 1lst.pdb 1lst.pdb     7    0.00   94.44    3.77    0    2    2     0.00   105.56   105.56    147.20    154.09
STA 1lyb.pdb 1lyb.pdb    20    0.00   54.00    3.83    0    1    1     0.00    58.00    58.00    684.88    682.56
LIG 1lyl.pdb 1lyl.pdb    25    0.00   90.91    3.83    0    6    6     0.00    90.91    90.91    132.20    141.78
LIG 1mbi.pdb 1mbi.pdb    13    0.00  100.00    1.19    0    2    2     0.00   112.50   112.50     68.08     63.76
NH2 1mcq.pdb 1mcq.pdb    25    0.00   98.53    3.28    0    1    1     0.00   270.59   270.59    293.32    254.99
ACE 1mcr.pdb 1mcr.pdb     7    0.00   98.57    3.32    0    1    1     0.00   164.29   164.29    293.30    258.65
SAA 1mdr.pdb 1mdr.pdb     7    0.00   91.67    1.73    0    1    1     0.00   102.78   102.78    165.17    146.41
PGA 1ml1.pdb 1ml1.pdb    32    0.00  100.00    1.73    0   11   11     0.00   100.00   100.00    153.01    104.98
CIT 1mld.pdb 1mld.pdb     8    0.00  100.00    3.57    0    3    3     0.00   185.29   185.29    189.10    146.10
LIG 1mmb.pdb 1mmb.pdb    11    0.00   81.03    2.83    0    1    1     0.00   134.48   134.48    476.63    437.62
RRS 1mmq.pdb 1mmq.pdb     4    0.00   90.00    3.67    0    1    1     0.00    93.33    93.33    455.57    424.90
LIG 1mnc.pdb 1mnc.pdb     9    0.00   90.32    3.56    0    1    1     0.00   129.03   129.03    348.42    322.54
ADN 1mrg.pdb 1mrg.pdb     3    0.00  100.00    2.31    0    1    1     0.00   212.50   212.50    135.13    112.60
FMC 1mrk.pdb 1mrk.pdb     4    0.00   87.50    3.82    0    1    1     0.00    90.62    90.62    267.24    213.96
BX3 1mts.pdb 1mts.pdb    12    0.00   58.67    2.80    0    1    1     0.00    58.67    58.67    459.56    431.22
LIG 1mtw.pdb 1mtw.pdb    15    0.00   52.86    3.21    0    1    1     0.00    75.71    75.71    445.53    453.33
TZL 1mup.pdb 1mup.pdb    11    0.00  100.00    2.08    0    1    1     0.00   115.38   115.38    143.25    151.37
CHR 1nco.pdb 1nco.pdb     4    0.00   69.32    3.77    0    1    1     0.00    86.36    86.36    660.64    559.42
NPA 1ngp.pdb 1ngp.pdb     8    0.00  100.00    2.99    0    1    1     0.00   157.50   157.50    195.13    147.99
NTC 1nis.pdb 1nis.pdb    10    0.00  100.00    3.86    0    1    1     0.00   175.68   175.68    191.10    139.25
LIG 1nsd.pdb 1nsd.pdb    29    0.00  100.00    3.16    0    2    2     0.00   157.78   157.78    290.25    245.57
LIG 1okl.pdb 1okl.pdb    19    0.00    0.00    1.76    0    0    2     0.00     0.00    50.00    249.31    204.74
LIG 1okm.pdb 1okm.pdb    15    0.00   80.95    2.69    0    2    2     0.00   104.76   104.76    271.34    230.07
PAB 1pbd.pdb 1pbd.pdb    11    0.00   90.62    0.00    0    1    0     0.00   268.75     0.00    136.13    117.64
PGA 1pdz.pdb 1pdz.pdb    28    0.00   89.66    3.23    0    1    1     0.00   193.10   193.10    154.02    102.02
LIG 1pgp.pdb 1pgp.pdb    43    0.00   87.50    3.37    0    7    7     0.00   142.50   142.50    273.11    204.88
PFZ 1pha.pdb 1pha.pdb     7    0.00  100.00    2.45    0    1    1     0.00   125.37   125.37    341.28    318.18
PIM 1phd.pdb 1phd.pdb     8    0.00   53.66    2.37    0    1    1     0.00   351.22   351.22    143.17    129.46
LIG 1phf.pdb 1phf.pdb    27    0.00  100.00    2.79    0    1    1     0.00   107.84   107.84    144.17    129.82
MYT 1phg.pdb 1phg.pdb     7    0.00   92.45    3.98    0    1    1     0.00    92.45    92.45    226.27    217.31
GEL 1poc.pdb 1poc.pdb     7    0.00   91.86    3.13    0    1    1     0.00   115.12   115.12    488.51    447.69
LIG 1ppc.pdb 1ppc.pdb    13    0.00   51.43    3.70    0    1    1     0.00    52.86    52.86    522.64    450.38
LIG 1pph.pdb 1pph.pdb    11    0.00   52.86    3.46    0    1    1     0.00    72.86    72.86    429.56    396.94
GLC 1ppi.pdb 1ppi.pdb    19    0.00   86.67    3.02    0    1    1     0.00    86.67    86.67    808.75    673.05
OPH 1ppl.pdb 1ppl.pdb    18    0.00   50.52    3.83    0    1    1     0.00    53.61    53.61    611.71    552.00
STA 1pso.pdb 1pso.pdb    20    0.00   65.05    3.32    0    1    1     0.00    66.99    66.99    684.88    675.19
PHS 1ptv.pdb 1ptv.pdb    23    0.00  100.00    3.41    0    3    3     0.00   100.00   100.00    259.15    194.04
LIG 1qbr.pdb 1qbr.pdb    12    0.00   89.80    3.85    0    1    1     0.00    62.24    62.24    758.91    623.86
LIG 1qbt.pdb 1qbt.pdb    10    0.00   95.74    2.34    0    1    1     0.00   104.26   104.26    824.92    739.98
LIG 1qbu.pdb 1qbu.pdb    18    0.00   91.75    2.22    0    1    1     0.00    72.16    72.16    596.74    541.48
PP1 1qcf.pdb 1qcf.pdb    49    0.00   63.08    3.45    0    3    3     0.00    81.54    81.54    281.36    255.35
XYP 1qh7.pdb 1qh7.pdb    10    0.00   89.74    2.12    0    1    1     0.00   100.00   100.00    150.13    126.83
ZEN 1ql7.pdb 1ql7.pdb    15    0.00   59.72    3.01    0    1    1     0.00    72.22    72.22    499.02    404.75
PP2 1qpe.pdb 1qpe.pdb    28    0.00   67.35    3.65    0    1    1     0.00   220.41   220.41    301.77    272.20
NTM 1qpq.pdb 1qpq.pdb    13    0.00  100.00    3.62    0    1    1     0.00   265.62   265.62    165.10    131.16
LIG 1rbp.pdb 1rbp.pdb    13    0.00   98.78    3.35    0    1    1     0.00   114.63   114.63    286.45    312.97
GPC 1rds.pdb 1rds.pdb     5    0.00   65.57    2.37    0    1    1     0.00    72.13    72.13    589.41    431.69
C60 1rne.pdb 1rne.pdb    12    0.00   94.74    2.22    0    1    1     0.00   171.93   171.93    730.01    649.80
Q2G 1rnt.pdb 1rnt.pdb     6    0.00   54.76    3.35    0    6    3     0.00    54.76    45.24    361.20    249.10
C2P 1rob.pdb 1rob.pdb     7    0.00   70.45    2.91    0    5    5     0.00    79.55    79.55    321.18    246.75
TNK 1rt2.pdb 1rt2.pdb    95    0.00   98.86    3.51    0    2    2     0.00   111.36   111.36    364.44    327.99
LIG 1sln.pdb 1sln.pdb     6    0.00   75.00    3.99    0    1    1     0.00   180.26   180.26    483.58    447.43
GAL 1slt.pdb 1slt.pdb     1    0.00   65.71    3.83    0    1    1     0.00    68.57    68.57    382.34    314.15
PTP 1snc.pdb 1snc.pdb     4    0.00   77.78    2.87    0    1    1     0.00   109.26   109.26    398.16    282.82
LIG 1srf.pdb 1srf.pdb    13    0.00   85.00    2.17    0    1    1     0.00    95.00    95.00    297.33    262.14
LIG 1srg.pdb 1srg.pdb    17    0.00  100.00    2.52    0    1    3     0.00   107.69    94.23    255.25    224.95
LIG 1srh.pdb 1srh.pdb    15    0.00  100.00    3.89    0    1    1     0.00   158.82   158.82    301.27    239.56
NAB 1srj.pdb 1srj.pdb    10    0.00   91.07    2.64    0    1    1     0.00    96.43    96.43    291.28    236.32
BTN 1stp.pdb 1stp.pdb     4    0.00   60.00    1.20    0    1    1     0.00    68.00    68.00    243.30    215.20
UFP 1tdb.pdb 1tdb.pdb     8    0.00   90.91    0.00    0    1    0     0.00   321.82     0.00    325.16    245.90
N3T 1tka.pdb 1tka.pdb    14    0.00   93.33    3.87    0    1    1     0.00   101.33   101.33    421.30    305.01
LIG 1tlp.pdb 1tlp.pdb    16    0.00   83.58    2.96    0    1    1     0.00   117.91   117.91    541.49    464.28
CLT 1tmn.pdb 1tmn.pdb    23    0.00    0.00    3.14    0    0    1     0.00     0.00    70.77    478.56    439.27
AMC 1tng.pdb 1tng.pdb     4    0.00   97.56    2.88    0    1    1     0.00   129.27   129.27    114.21    137.09
LIG 1tnh.pdb 1tnh.pdb    12    0.00  100.00    3.55    0    1    1     0.00   156.41   156.41    126.15    118.92
PBN 1tni.pdb 1tni.pdb     4    0.00   95.12    3.62    0    1    1     0.00   146.34   146.34    150.24    162.56
TPA 1tnl.pdb 1tnl.pdb     5    0.00  100.00    3.84    0    1    1     0.00   153.66   153.66    134.20    139.81
PGH 1tph.pdb 1tph.pdb     8    0.00  100.00    3.49    0    1    1     0.00   169.70   169.70    167.01    113.27
APA 1tpp.pdb 1tpp.pdb     5    0.00   81.25    3.37    0    1    1     0.00    83.33    83.33    222.20    191.25
TPP 1trk.pdb 1trk.pdb    14    0.00  100.00    2.77    0    1    1     0.00   111.39   111.39    423.30    312.32
TYL 1tyl.pdb 1tyl.pdb     3    0.00   78.57    2.84    0    2    2     0.00   114.29   114.29    151.16    138.14
AMP 1ukz.pdb 1ukz.pdb     8    0.00   83.87    3.70    0    1    1     0.00   124.19   124.19    345.21    253.58
GUN 1ulb.pdb 1ulb.pdb     7    0.00  100.00    3.20    0    1    1     0.00   232.56   232.56    151.13    115.94
LIG 1uvs.pdb 1uvs.pdb    18    0.00   97.67    3.72    0    1    1     0.00   176.74   176.74    466.62    413.33
LIG 1uvt.pdb 1uvt.pdb    17    0.00   94.81    3.87    0    1    1     0.00   116.88   116.88    384.47    361.92
V36 1vgc.pdb 1vgc.pdb    13    0.00   89.47    3.54    0    1    1     0.00   122.81   122.81    255.46    221.89
SD8 1vrh.pdb 1vrh.pdb    22    0.00   63.64    3.79    0    1    1     0.00    75.76    75.76    388.51    324.25
LTR 1wap.pdb 1wap.pdb     9    0.00   94.90    3.36    0    1    1     0.00   119.39   119.39    588.48    494.05
ASC 1xid.pdb 1xid.pdb     4    0.00   76.60    3.30    0    1    1     0.00   174.47   174.47    175.12    140.20
ASO 1xie.pdb 1xie.pdb     4    0.00   69.77    0.00    0    1    0     0.00   223.26     0.00    164.16    141.53
Q4P 1xkb.pdb 1xkb.pdb    11    0.00   51.16    2.64    0    1    2     0.00   124.42    46.51    389.47    370.89
IQP 1ydr.pdb 1ydr.pdb    29    0.00   70.91    1.61    0    2    2     0.00   103.64   103.64    292.38    255.47
IQS 1yds.pdb 1yds.pdb    30    0.00  100.00    3.73    0    1    1     0.00   225.00   225.00    266.34    228.59
IQB 1ydt.pdb 1ydt.pdb    22    0.00   97.62    3.31    0    1    1     0.00   148.81   148.81    447.37    360.45
PNB 1yee.pdb 1yee.pdb    25    0.00   93.83    1.64    0    1    1     0.00   122.22   122.22    356.22    279.25
GEP 25c8.pdb 25c8.pdb    26    0.00   88.75    3.79    0    1    1     0.00   125.00   125.00    332.44    298.47
Q2G 2aad.pdb 2aad.pdb    13    0.00   92.11    3.60    0    4    4     0.00    92.11    92.11    361.20    269.99
EDR 2ack.pdb 2ack.pdb    15    0.00  100.00    1.50    0    1    1     0.00   146.43   146.43    166.24    178.98
HPR 2ada.pdb 2ada.pdb     7    0.00   84.31    3.50    0    1    1     0.00   158.82   158.82    270.24    214.09
AMP 2ak3.pdb 2ak3.pdb    10    0.00   65.38    3.42    0    1    1     0.00    78.85    78.85    345.21    256.55
GAS 2cgr.pdb 2cgr.pdb     6    0.00   97.18    2.37    0    1    1     0.00   108.45   108.45    384.43    330.98
BAR 2cht.pdb 2cht.pdb     4    0.00  100.00    3.25    0    1    1     0.00   157.50   157.50    226.18    173.40
CIT 2cmd.pdb 2cmd.pdb     5    0.00  100.00    3.63    0    1    1     0.00   226.47   226.47    189.10    140.47
LIG 2cpp.pdb 2cpp.pdb    26    0.00   81.08    3.41    0    2    2     0.00   135.14   135.14    152.23    155.40
LOF 2ctc.pdb 2ctc.pdb     5    0.00  100.00    1.88    0    1    1     0.00   135.42   135.42    165.17    150.11
S5H 2dbl.pdb 2dbl.pdb     7    0.00   81.43    3.32    0    1    1     0.00    81.43    81.43    417.56    414.63
LIG 2er7.pdb 2er7.pdb    18    0.00    0.00    3.97    0    0    1     0.00     0.00    73.64   1099.30   1071.65
FMN 2fox.pdb 2fox.pdb     6    0.00   56.45    3.96    0    2    1     0.00    58.06    48.39    456.34    354.57
GLC 2gbp.pdb 2gbp.pdb     8    0.00   79.49    2.10    0    1    1     0.00    79.49    79.49    180.16    153.51
LIG 2h4n.pdb 2h4n.pdb    17    0.00  100.00    1.82    0    1    1     0.00   155.00   155.00    221.24    156.48
LIG 2ifb.pdb 2ifb.pdb    10    0.00  100.00    3.77    0    1    1     0.00   127.50   127.50    255.42    272.93
LIG 2lgs.pdb 2lgs.pdb     6    0.00   82.86    3.93    0    1    1     0.00   145.71   145.71    146.12    120.66
PC1 2mcp.pdb 2mcp.pdb     4    0.00   93.10    3.08    0    1    1     0.00    93.10    93.10    183.14    148.83
LIG 2mip.pdb 2mip.pdb    29    0.00   97.17    3.58    0    1    1     0.00   117.92   117.92    752.96    675.58
Q1P 2pcp.pdb 2pcp.pdb    32    0.00   97.01    4.00    0    1    1     0.00   126.87   126.87    244.40    252.69
PHB 2phh.pdb 2phh.pdb    14    0.00   83.87    0.00    0    1    0     0.00   338.71     0.00    137.11    117.45
ACA 2pk4.pdb 2pk4.pdb     3    0.00  100.00    2.38    0    1    1     0.00   116.13   116.13    131.17    139.15
SPH 2plv.pdb 2plv.pdb    19    0.00   93.75    3.79    0    1    1     0.00   140.62   140.62    300.50    338.88
G39 2qwk.pdb 2qwk.pdb    24    0.00   86.00    2.46    0    1    1     0.00   120.00   120.00    284.35    277.40
LIG 2r04.pdb 2r04.pdb    25    0.00  100.00    2.76    0    1    1     0.00   221.43   221.43    342.43    333.19
W33 2r07.pdb 2r07.pdb    19    0.00   62.00    3.45    0    2    1     0.00    81.00    77.00    326.39    305.26
DAN 2sim.pdb 2sim.pdb     3    0.00   94.92    3.13    0    1    1     0.00   183.05   183.05    290.25    255.65
LIG 2tmn.pdb 2tmn.pdb    14    0.00   87.50    1.46    0    2    2     0.00   162.50   162.50    208.15    161.37
LIG 2tsc.pdb 2tsc.pdb    13    0.00   64.71    2.86    0    1    1     0.00    70.59    70.59    475.45    416.79
OTG 2yhx.pdb 2yhx.pdb    10    0.00   58.33    3.30    0    1    1     0.00   204.17   204.17    297.30    259.72
LIG 2ypi.pdb 2ypi.pdb    23    0.00  100.00    3.89    0    1    1     0.00   250.00   250.00    153.01    104.37
CLM 3cla.pdb 3cla.pdb     8    0.00   69.57    2.14    0    3    3     0.00    89.13    89.13    323.13    242.40
LIG 3cpa.pdb 3cpa.pdb    20    0.00   72.88    3.77    0    2    2     0.00    98.31    98.31    237.23    210.46
DES 3erd.pdb 3erd.pdb    20    0.00   96.30    3.43    0    1    1     0.00   103.70   103.70    268.35    275.58
OHT 3ert.pdb 3ert.pdb    21    0.00   97.47    2.74    0    1    1     0.00   150.63   150.63    388.52    414.97
CIN 3gch.pdb 3gch.pdb     5    0.00   87.23    3.65    0    1    1     0.00   100.00   100.00    177.18    161.03
G1P 3gpb.pdb 3gpb.pdb    63    0.00    0.00    3.49    0    0    2     0.00     0.00   116.35    519.26    339.59
NEV 3hvt.pdb 3hvt.pdb    10    0.00  100.00    1.89    0    1    1     0.00   145.21   145.21    266.30    232.66
MPB 3mth.pdb 3mth.pdb     5    0.00  100.00    1.55    0    2    2     0.00   146.43   146.43    152.15    136.12
HAR 3nos.pdb 3nos.pdb    28    0.00   98.15    3.76    0    2    2     0.00   150.00   150.00    191.21    167.24
FLP 3pgh.pdb 3pgh.pdb    38    0.00   94.64    2.41    0    2    2     0.00   123.21   123.21    243.25    218.04
BEN 3ptb.pdb 3ptb.pdb     5    0.00   91.89    1.43    0    1    1     0.00    94.59    94.59    121.16    120.56
LIG 3tpi.pdb 3tpi.pdb     6    0.00   63.79    3.16    0    1    1     0.00   100.00   100.00    230.30    241.93
PQQ 4aah.pdb 4aah.pdb    25    0.00  100.00    3.63    0    1    1     0.00   143.48   143.48    327.18    237.94
IMN 4cox.pdb 4cox.pdb    19    0.00   86.30    3.97    0    1    1     0.00   176.71   176.71    356.78    297.21
OAA 4cts.pdb 4cts.pdb    13    0.00   59.26    3.47    0    1    3     0.00   196.30   162.96    130.06     97.08
MTX 4dfr.pdb 4dfr.pdb     9    0.00   71.56    3.92    0    1    1     0.00    63.30    63.30    831.67    657.68
LIG 4er2.pdb 4er2.pdb    15    0.00    0.00    3.18    0    0    1     0.00     0.00    58.25    684.88    713.75
FPA 4est.pdb 4est.pdb    11    0.00   53.49    3.90    0    2    2     0.00    51.16    51.16    524.56    455.33
FDS 4fab.pdb 4fab.pdb     7    0.00   85.71    3.95    0    1    1     0.00    93.65    93.65    330.29    270.12
LIG 4fbp.pdb 4fbp.pdb    16    0.00  100.00    3.44    0    1    1     0.00   310.00   310.00    345.21    254.62
Q96 4lbd.pdb 4lbd.pdb    23    0.00   98.77    3.56    0    1    1     0.00   123.46   123.46    398.45    361.59
VAC 4phv.pdb 4phv.pdb     9    0.00   99.01    1.57    0    1    1     0.00   131.68   131.68    618.76    602.22
LIG 4tpi.pdb 4tpi.pdb    19    0.00  100.00    3.98    0    1    1     0.00   126.42   126.42    216.28    216.06
LIG 5abp.pdb 5abp.pdb    18    0.00  100.00    1.45    0    4    4     0.00   100.00   100.00    180.16    147.72
LIG 5cpp.pdb 5cpp.pdb    27    0.00   95.65    1.11    0    1    1     0.00   119.57   119.57    150.22    150.65
LIG 5er1.pdb 5er1.pdb    19    0.00    0.00    3.70    0    0    2     0.00     0.00    55.07    521.71    530.16
DHG 5p2p.pdb 5p2p.pdb     3    0.00   65.48    3.76    0    1    1     0.00    67.86    67.86    422.52    403.38
ARA 6abp.pdb 6abp.pdb     5    0.00  100.00    1.16    0    2    2     0.00   109.09   109.09    150.13    124.32
LIG 6cpa.pdb 6cpa.pdb    20    0.00   91.30    3.12    0    1    1     0.00    95.65    95.65    476.42    413.24
Q2A 6rnt.pdb 6rnt.pdb     2    0.00   52.78    3.36    0    1    1     0.00   108.33   108.33    346.21    255.80
UVC 6rsa.pdb 6rsa.pdb     7    0.00   92.86    3.29    0    1    1     0.00   128.57   128.57    321.16    231.38
LIG 7cpa.pdb 7cpa.pdb    16    0.00   75.90    3.72    0    1    1     0.00    90.36    90.36    580.57    482.59
PGH 7tim.pdb 7tim.pdb     4    0.00   93.94    1.35    0    2    2     0.00    93.94    93.94    169.03    118.47
LIG 8gch.pdb 8gch.pdb     3    0.00   72.73    3.89    0    1    1     0.00    90.91    90.91    332.35    305.81
