LIG | COMPLEXE | APO | NB_PCK | OVLP1 | OVLP2 | DIST_CM | POS1 | POS2 | POS3 | REL_OVLP1 | REL_OVLP2 | REL_OVLP3 | LIGMASS | LIGVOL
TCL 1C14.pdb 1C14.pdb    16   85.71   98.04    3.85    1    1    1   357.14   196.08   196.08    282.49    201.94
DMQ 1DMP.pdb 1DMP.pdb    12   72.31   95.83    1.54    1    1    1   130.77   118.06   118.06    500.38    421.07
TPF 1EA1.pdb 1EA1.pdb    38   85.37  100.00    1.64    1    1    1   185.37   113.43   113.43    294.18    218.81
RPR 1EZQ.pdb 1EZQ.pdb    29   59.26   65.38    3.22    2    2    2   157.41   108.97   108.97    428.31    374.97
HUP 1GPK.pdb 1GPK.pdb    34   80.00   82.46    3.05    1    1    1   330.00   173.68   173.68    224.17    204.48
MFP 1H07.pdb 1H07.pdb    25   65.12   56.34    3.82    1    1    1   248.84   150.70   150.70    968.40    373.55
STI 1IEP.pdb 1IEP.pdb    29   62.71   57.95    3.55    2    2    1   113.56    76.14    98.86    462.36    441.39
C24 1KTS.pdb 1KTS.pdb    19   96.15  100.00    2.81    1    1    1   313.46   187.36   187.36    470.33    385.39
BMU 1KV1.pdb 1KV1.pdb    33   95.45  100.00    3.51    1    1    1  1136.36   367.65   367.65    287.64    227.98
CBN 1KZN.pdb 1KZN.pdb    22   85.00   85.07    3.30    1    1    1   150.00    89.55    89.55    659.83    489.20
AQ4 1M17.pdb 1M17.pdb    29   75.76   81.67    3.35    1    1   10   403.03   221.67    70.00    370.25    322.65
RVP 1NF7.pdb 1NF7.pdb    43   75.56   98.33    2.71    2    2    2   220.00   165.00   165.00    311.08    201.04
LPR 1O86.pdb 1O86.pdb    41   55.56   58.73    0.00    1    1    0   488.89   279.37     0.00    374.24    321.90
ROL 1Q9M.pdb 1Q9M.pdb    35   96.43   96.23    2.91    1    1    1   253.57   133.96   133.96    254.18    219.53
KEF 1QMF.pdb 1QMF.pdb    37   72.73   75.00    0.00    2    2    0   472.73   216.67     0.00    408.26    313.54
U05 1RTH.pdb 1RTH.pdb    95  100.00  100.00    3.39    2    2    2   320.00   135.21   135.21    284.19    230.71
ID5 1T41.pdb 1T41.pdb    31   92.86   97.33    3.91    1    1    1   273.21   204.00   204.00    404.25    294.00
VIA 1UDT.pdb 1UDT.pdb    27    0.00   54.32    0.92    0    1    1     0.00   118.52   118.52    444.34    367.66
G39 2QWK.pdb 2QWK.pdb    29   70.97   93.88    3.39    1    1    1   241.94   153.06   153.06    260.16    219.42
IMN 4COX.pdb 4COX.pdb    41   92.50  100.00    4.00    1    1    1   472.50   270.00   270.00    341.66    272.37
