LIG | COMPLEXE | APO | NB_PCK | OVLP1 | OVLP2 | DIST_CM | POS1 | POS2 | POS3 | REL_OVLP1 | REL_OVLP2 | REL_OVLP3 | LIGMASS | LIGVOL
THA 1ACJ.pdb 1ACJ.pdb    34   96.55  100.00    3.81    1    1    1   451.72   251.92   251.92    184.15    160.34
IVA 1APU.pdb 1APU.pdb    15   86.49   83.33    3.68    1    1    1   235.14   131.82   131.82    398.26    378.64
QND 1IDA.pdb 1IDA.pdb    17   82.69   91.92    3.48    1    1    1   232.69   122.22   122.22    672.54    552.63
IVA 1PSO.pdb 1PSO.pdb    20   75.56   76.14    3.75    1    1    1   166.67    85.23    85.23    622.39    551.82
PO3 2TMN.pdb 2TMN.pdb    18   86.96  100.00    3.48    1    1    1   395.65   227.50   227.50    195.05    149.75
UMP 1BID.pdb 1BID.pdb    20   78.79   97.67    2.01    1    1    1   333.33   255.81   255.81    295.08    211.43
NAD 1CDO.pdb 1CDO.pdb    21    0.00   51.58    3.16    0    2    2     0.00    66.32    66.32    636.21    456.32
MID 1DWD.pdb 1DWD.pdb    22   91.30   97.59    1.24    1    1    1   273.91   151.81   151.81    490.39    409.87
AMP 1FBP.pdb 1FBP.pdb    30    0.00   71.74    3.50    0    1    1     0.00   123.91   123.91    333.11    228.74
GAL 1GCA.pdb 1GCA.pdb    26    0.00   83.78    2.02    0    2    2     0.00    83.78    83.78    180.16    161.24
NAG 1HEW.pdb 1HEW.pdb     7   73.33   83.05    2.48    1    1    1   206.67   105.08   105.08    586.27    474.55
BZS 1HYT.pdb 1HYT.pdb    19   83.33   91.67    1.84    1    1    1   362.50   181.25   181.25    196.12    161.54
ICL 1INC.pdb 1INC.pdb    18    0.00    0.00    3.54    0    0    3     0.00     0.00    82.46    331.65    268.89
RTL 1RBP.pdb 1RBP.pdb    13  100.00  100.00    3.15    1    1    1   340.74   115.00   115.00    256.21    276.16
C2P 1ROB.pdb 1ROB.pdb     8   75.00   70.73    3.78    1    1    1   207.14   141.46   141.46    309.09    214.12
BTN 1STP.pdb 1STP.pdb     6   84.62  100.00    3.45    1    1    1   212.82   166.00   166.00    228.18    188.60
GUN 1ULB.pdb 1ULB.pdb    26   88.89   92.11    0.00    1    1    0   611.11   289.47     0.00    146.09    106.05
PLM 2IFB.pdb 2IFB.pdb    11   86.36  100.00    3.80    1    1    1   472.73   138.67   138.67    224.17    216.91
BEN 3PTB.pdb 3PTB.pdb    14   85.00   91.18    1.41    2    2    2   175.00   102.94   102.94    112.09    103.49
PGA 2YPI.pdb 2YPI.pdb    22   81.48  100.00    3.89    1    1    1   296.30   250.00   250.00    150.99    100.30
MTX 4DFR.pdb 4DFR.pdb     6   78.38   98.48    3.92    1    1    1   278.38   156.06   156.06    432.26    344.05
VAC 4PHV.pdb 4PHV.pdb    14   84.38  100.00    1.87    1    1    1   214.06   145.74   145.74   1152.86    533.10
MMA 5CNA.pdb 5CNA.pdb    21   66.67  100.00    2.41    4    4    4   177.78   160.00   160.00    180.07    140.15
FVF 7CPA.pdb 7CPA.pdb    19   77.27   80.56    3.85    1    1    1   170.45   104.17   104.17    547.30    407.12
NIP 1A6W.pdb 1A6W.pdb    13   91.43  100.00    1.65    1    1    1   194.29   147.83   147.83    339.02    198.10
FOS 1BLH.pdb 1BLH.pdb    20   56.52   61.90    3.87    9    9    9   156.52    85.71    85.71    217.07    163.95
GLC 1BYB.pdb 1BYB.pdb    39   72.31   91.01    3.43    1    1    1   250.77   183.15   183.15    624.24    502.66
PLH 1HFC.pdb 1HFC.pdb    12   84.62   90.38    1.66    1    1    1   176.92   132.69   132.69    322.21    269.50
DGX 1IGJ.pdb 1IGJ.pdb    34  100.00   98.28    3.80    1    1    1   231.43   139.66   139.66    476.31    400.31
LIP 1IMB.pdb 1IMB.pdb    21   75.00   97.67    3.48    1    1    1   241.67   202.33   202.33    247.03    170.85
ST1 1IVD.pdb 1IVD.pdb    29   54.05  100.00    1.17    3    3    3   256.76   220.93   220.93    234.12    189.39
ADN 1MRG.pdb 1MRG.pdb    14   73.81  100.00    3.25    1    1    1   176.19   238.71   238.71    146.13    117.41
DX9 1MTW.pdb 1MTW.pdb    15   56.41   56.92    3.21    1    1    1   135.90    81.54    81.54    416.30    349.93
SAB 1OKM.pdb 1OKM.pdb    18   78.26   86.49    2.69    2    2    2   191.30   118.92   118.92    254.20    187.33
PGA 1PDZ.pdb 1PDZ.pdb    32   73.68   86.21    3.53    3    3    3   157.89   103.45   103.45    150.99     87.40
PIM 1PHD.pdb 1PHD.pdb    35   88.00  100.00    2.45    1    1    1   196.00   125.64   125.64    136.11    118.52
PP2 1QPE.pdb 1QPE.pdb    28   57.14   65.31    3.83    1    1    1   382.14   218.37   218.37    288.67    241.90
C60 1RNE.pdb 1RNE.pdb    19   56.86   57.14    2.79    1    1    1   243.14   118.10   118.10    666.51    569.92
THP 1SNC.pdb 1SNC.pdb     6   96.43  100.00    1.80    1    1    1   364.29   188.89   188.89    386.06    252.07
MTB 1SRF.pdb 1SRF.pdb     6   75.47   88.68    3.50    1    1    1   143.40   143.40   143.40    280.19    222.80
HFA 2CTC.pdb 2CTC.pdb    18   80.95  100.00    1.76    1    1    1   309.52   138.30   138.30    156.09    132.40
AZM 2H4N.pdb 2H4N.pdb    19   86.96  100.00    1.82    1    1    1   269.57   155.00   155.00    216.20    132.84
ACA 2PK4.pdb 2PK4.pdb     5   78.57   80.00    2.77    1    1    1    89.29    83.33    83.33    118.07    106.63
DAN 2SIM.pdb 2SIM.pdb    25   75.00   70.21    3.93    1    1    1   260.71   155.32   155.32    274.12    211.50
OAC 3GCH.pdb 3GCH.pdb    15   82.14   90.24    2.91    1    1    1   178.57   121.95   121.95    152.11    142.61
MPB 3MTH.pdb 3MTH.pdb     7   93.75   76.92    3.29    1    1    1   325.00   200.00   200.00    144.08    120.58
DHG 5P2P.pdb 5P2P.pdb    10   71.11   73.81    3.90    1    1    1   160.00    85.71    85.71    381.19    324.53
UVC 6RSA.pdb 6RSA.pdb    10    0.00   75.00    2.38    0    1    1     0.00    87.50    87.50    337.11    226.89
