LIG | COMPLEXE | APO | NB_PCK | OVLP1 | OVLP2 | DIST_CM | POS1 | POS2 | POS3 | REL_OVLP1 | REL_OVLP2 | REL_OVLP3 | LIGMASS | LIGVOL
DIP 1a07.pdb 1a07.pdb    18    0.00    0.00    3.80    0    0    6     0.00     0.00    78.00    474.61    499.21
HEP 1a0q.pdb 1a0q.pdb    31    0.00  100.00    1.71    0    2    2     0.00   214.06   214.06    341.30    288.38
DIP 1a1b.pdb 1a1b.pdb    14    0.00   52.94    2.13    0    2    2     0.00    52.94    52.94    568.58    509.42
DIY 1a1e.pdb 1a1e.pdb    15    0.00   64.71    3.80    0    2    2     0.00    67.65    67.65    552.53    499.03
STR 1a28.pdb 1a28.pdb    17    0.00   98.44    3.17    0    1    1     0.00   117.19   117.19    314.46    318.07
BZO 1a42.pdb 1a42.pdb    22    0.00   76.79    3.64    0    2    2     0.00    82.14    82.14    383.51    293.91
ZMR 1a4g.pdb 1a4g.pdb    54    0.00   82.00    4.00    0    4    6     0.00   102.00   102.00    332.31    272.51
FRA 1a4k.pdb 1a4k.pdb    31    0.00   62.82    3.90    0    2    2     0.00    67.95    67.95    426.40    363.08
DPC 1a4q.pdb 1a4q.pdb    54    0.00   88.71    3.13    0    3    3     0.00    91.94    91.94    389.45    360.12
NIP 1a6w.pdb 1a6w.pdb    11   51.32   97.87    1.03    1    1    1    67.11   108.51   108.51    350.11    216.04
SB2 1a9u.pdb 1a9u.pdb    31    0.00   64.52    3.20    0    3    3     0.00    90.32    90.32    377.43    327.80
PSI 1aaq.pdb 1aaq.pdb    10    0.00  100.00    2.60    0    1    1     0.00   122.34   122.34    578.72    568.40
LIG 1abe.pdb 1abe.pdb    21    0.00  100.00    1.18    0    6    6     0.00   109.09   109.09    150.13    128.94
LIG 1abf.pdb 1abf.pdb    18    0.00  100.00    1.73    0    4    4     0.00   100.00   100.00    164.16    144.87
THA 1acj.pdb 1acj.pdb     4    0.00  100.00    3.86    0    1    1     0.00   211.86   211.86    199.27    198.27
DME 1acl.pdb 1acl.pdb     7    0.00   81.18    3.25    0    1    1     0.00   129.41   129.41    258.49    300.98
PAL 1acm.pdb 1acm.pdb     6    0.00   80.00    2.99    0    2    1     0.00   126.67   120.00    251.09    168.90
TRA 1aco.pdb 1aco.pdb    11    0.00   96.88    3.42    0    5    5     0.00   134.38   134.38    171.08    128.80
E64 1aec.pdb 1aec.pdb     4    0.00   75.81    3.98    0    1    1     0.00    82.26    82.26    390.48    342.02
ADE 1aha.pdb 1aha.pdb     4    0.00  100.00    2.23    0    1    1     0.00   164.86   164.86    135.13    110.22
MNP 1ai5.pdb 1ai5.pdb    24    0.00  100.00    2.38    0    1    1     0.00   321.95   321.95    180.14    142.27
NPE 1aj7.pdb 1aj7.pdb    37    0.00   75.00    2.17    0    2    2     0.00    80.36    80.36    301.19    227.78
AP5 1ake.pdb 1ake.pdb    38    0.00   53.44    2.79    0    1    1     0.00   127.48   127.48    911.33    615.16
LIG 1aoe.pdb 1aoe.pdb    33    0.00   89.29    0.97    0    2    4     0.00   269.64   123.21    270.35    252.51
LTA 1apt.pdb 1apt.pdb    11    0.00   80.95    3.67    0    1    1     0.00   110.71   110.71    501.68    492.88
LIG 1apu.pdb 1apu.pdb    15    0.00   76.92    3.68    0    1    1     0.00   111.54   111.54    485.66    480.57
ILG 1aqw.pdb 1aqw.pdb    26    0.00   78.16    2.28    0    1    1     0.00   125.29   125.29    426.37    349.01
NOP 1ase.pdb 1ase.pdb     6    0.00  100.00    3.23    0    1    1     0.00   239.02   239.02    259.13    203.43
CH3 1atl.pdb 1atl.pdb     7    0.00   94.74    3.24    0    1    1     0.00   129.82   129.82    338.44    305.36
AZM 1azm.pdb 1azm.pdb    22    0.00   61.36    2.73    0    2    2     0.00   102.27   102.27    221.24    152.00
LIG 1b58.pdb 1b58.pdb    19    0.00   76.09    3.15    0    1    1     0.00   116.30   116.30    439.55    409.37
OVA 1b59.pdb 1b59.pdb    29    0.00   84.13    3.59    0    1    1     0.00   109.52   109.52    311.37    301.70
PI3 1b6n.pdb 1b6n.pdb    18    0.00   87.50    3.93    0    1    1     0.00   113.89   113.89    433.58    435.87
RA2 1b9v.pdb 1b9v.pdb    27    0.00  100.00    3.82    0    2    2     0.00   118.87   118.87    349.40    325.33
NPP 1baf.pdb 1baf.pdb     7    0.00   90.00    2.88    0    1    1     0.00   120.00   120.00    396.44    341.50
BLV 1bbp.pdb 1bbp.pdb    14    0.00   95.93    3.44    0    1    1     0.00   173.17   173.17    580.63    529.65
I10 1bgo.pdb 1bgo.pdb    19    0.00   61.43    2.37    0    1    1     0.00    64.29    64.29    512.66    450.23
SB4 1bl7.pdb 1bl7.pdb    31    0.00   70.31    3.02    0    2    2     0.00    96.88    96.88    338.38    302.90
FOS 1blh.pdb 1blh.pdb     5    0.00  100.00    3.87    0    1    1     0.00   157.14   157.14    243.15    197.25
ISO 1bma.pdb 1bma.pdb     8    0.00   72.73    2.53    0    1    1     0.00    72.73    72.73    521.59    452.68
MNO 1bmq.pdb 1bmq.pdb    24    0.00   63.77    3.55    0    5    5     0.00    63.77    63.77    576.68    475.89
GLC 1byb.pdb 1byb.pdb    18    0.00   55.77    1.47    0    1    1     0.00   102.88   102.88    666.58    549.31
STU 1byg.pdb 1byg.pdb    25    0.00   72.46    3.30    0    1    8     0.00   150.72    81.16    467.54    402.35
TRZ 1c12.pdb 1c12.pdb    28   77.59  100.00    2.50    1    1    1   186.21   171.43   171.43    315.43    306.24
ENH 1c1e.pdb 1c1e.pdb     8    0.00   94.44    1.88    0    1    1     0.00   138.89   138.89    383.87    245.96
NHS 1c2t.pdb 1c2t.pdb    19    0.00   81.94    3.79    0    1    1     0.00   123.61   123.61    479.42    401.73
TK4 1c5c.pdb 1c5c.pdb    28    0.00  100.00    3.82    0    2    2     0.00   177.05   177.05    344.34    246.95
ESI 1c5x.pdb 1c5x.pdb    17    0.00   87.23    3.91    0    2    2     0.00   106.38   106.38    303.14    168.36
OAI 1c83.pdb 1c83.pdb    25    0.00   90.48    2.28    0    1    1     0.00    92.86    92.86    246.18    196.39
REA 1cbs.pdb 1cbs.pdb     8    0.00   65.52    3.39    0    2    2     0.00    98.28    98.28    299.43    296.91
BZS 1cbx.pdb 1cbx.pdb     4    0.00  100.00    3.62    0    1    1     0.00   182.35   182.35    206.19    177.56
MAL 1cdg.pdb 1cdg.pdb     2    0.00    0.00    0.00    0    0    0     0.00     0.00     0.00    342.30    280.24
HAZ 1cf8.pdb 1cf8.pdb    30    0.00   68.75    3.10    0    2    2     0.00    73.75    73.75    458.53    404.01
ETS 1cil.pdb 1cil.pdb     6    0.00   87.76    2.90    0    1    1     0.00   108.16   108.16    324.44    234.26
MTS 1cin.pdb 1cin.pdb    17    0.00   82.98    1.81    0    1    1     0.00    97.87    97.87    310.41    225.11
PVB 1ckp.pdb 1ckp.pdb    25    0.00   57.38    3.23    0    1    1     0.00   165.57   165.57    259.69    217.86
CLL 1cle.pdb 1cle.pdb    28    0.00    0.00    2.86    0    0    1     0.00     0.00    75.19    649.08    696.67
PRE 1com.pdb 1com.pdb     7   58.93  100.00    3.01    1    1    1   223.21   304.88   304.88    224.17    176.21
AND 1coy.pdb 1coy.pdb    12    0.00  100.00    3.10    0    1    1     0.00   263.79   263.79    288.42    298.71
CPM 1cps.pdb 1cps.pdb    18    0.00   98.25    2.81    0    1    1     0.00   108.77   108.77    239.31    219.95
Q80 1cqp.pdb 1cqp.pdb    28    0.00   80.26    2.41    0    1    1     0.00   109.21   109.21    404.54    364.64
TFP 1ctr.pdb 1ctr.pdb    11    0.00   62.69    3.61    0    1    1     0.00   188.06   188.06    403.46    328.81
DHZ 1ctt.pdb 1ctt.pdb    19    0.00   83.33    3.77    0    2    2     0.00    83.33    83.33    230.22    192.48
ACD 1cvu.pdb 1cvu.pdb    22    0.00  100.00    3.79    0    1    1     0.00   232.05   232.05    303.46    330.96
S58 1cx2.pdb 1cx2.pdb    25    0.00   76.81    2.74    0    1   19     0.00   218.84    27.54    446.24    290.08
BLG 1d0l.pdb 1d0l.pdb    21    0.00    0.00    3.78    0    0    3     0.00     0.00    60.87    549.53    449.74
A26 1d3h.pdb 1d3h.pdb    30    0.00   93.94    2.00    0    1    1     0.00   156.06   156.06    270.21    202.79
BPP 1d4p.pdb 1d4p.pdb    23    0.00   64.77    3.81    0    1    1     0.00   134.09   134.09    360.45    315.23
STR 1dbb.pdb 1dbb.pdb     7    0.00  100.00    3.22    0    1    1     0.00   139.66   139.66    314.46    323.07
AE2 1dbj.pdb 1dbj.pdb     6    0.00  100.00    3.38    0    1    1     0.00   103.03   103.03    290.44    287.18
LIG 1dbm.pdb 1dbm.pdb    32    0.00   98.36    3.77    0    2    2     0.00    98.36    98.36    429.53    395.52
Q1P 1dd7.pdb 1dd7.pdb    28    0.00   95.71    2.61    0    1    1     0.00   102.86   102.86    479.49    400.78
TOP 1dg5.pdb 1dg5.pdb    10    0.00   78.33    3.54    0    1    1     0.00   256.67   256.67    290.32    271.29
FOL 1dhf.pdb 1dhf.pdb    13    0.00   88.89    3.26    0    1    1     0.00   151.85   151.85    439.38    353.84
DIG 1did.pdb 1did.pdb     5    0.00   88.64    2.67    0    2    2     0.00    97.73    97.73    163.17    149.50
DNJ 1die.pdb 1die.pdb    12    0.00   88.10    3.88    0    1    1     0.00   200.00   200.00    163.17    144.15
LIG 1dmp.pdb 1dmp.pdb    12    0.00   94.67    1.54    0    1    1     0.00   113.33   113.33    536.66    555.53
LIG 1dog.pdb 1dog.pdb    14    0.00  100.00    1.43    0    1    1     0.00   150.00   150.00    163.17    147.30
BIO 1dr1.pdb 1dr1.pdb    10    0.00   57.69    0.00    0    1    0     0.00   265.38     0.00    237.22    193.30
LIG 1dwb.pdb 1dwb.pdb    25    0.00  100.00    1.73    0    1    1     0.00   397.83   397.83    121.16    119.31
LIG 1dwc.pdb 1dwc.pdb    23    0.00   77.01    3.59    0    1    1     0.00   102.30   102.30    508.63    461.38
MID 1dwd.pdb 1dwd.pdb     8    0.00   93.33    3.01    0    1    1     0.00    96.67    96.67    522.64    459.88
FKI 1dy9.pdb 1dy9.pdb    14    0.00   72.13    3.59    0    1    1     0.00    72.13    72.13    524.49    466.07
HEP 1eap.pdb 1eap.pdb     8    0.00   90.48    1.99    0    1    1     0.00   112.70   112.70    341.30    283.61
LIG 1ebg.pdb 1ebg.pdb    20    0.00  100.00    3.35    0    4    4     0.00   170.97   170.97    152.02    104.64
CHS 1eed.pdb 1eed.pdb    11    0.00   80.81    2.52    0    1    1     0.00   111.11   111.11    632.83    638.88
ANP 1ei1.pdb 1ei1.pdb    72    0.00    0.00    3.37    0    0    2     0.00     0.00    58.23    991.23    709.00
AGB 1ejn.pdb 1ejn.pdb    22    0.00   95.71    3.10    0    1    1     0.00   117.14   117.14    342.46    344.64
LIG 1ela.pdb 1ela.pdb    17    0.00   55.56    2.63    0    2    2     0.00    58.33    58.33    457.51    360.34
LIG 1elb.pdb 1elb.pdb    17    0.00   72.58    3.96    0    2    2     0.00    91.94    91.94    473.55    446.71
LIG 1elc.pdb 1elc.pdb    18    0.00   73.53    3.73    0    1    1     0.00   154.41   154.41    507.57    432.80
LIG 1eld.pdb 1eld.pdb    12    0.00   66.67    3.95    0    3    2     0.00    78.95    87.72    475.38    358.88
LIG 1ele.pdb 1ele.pdb    17    0.00   55.56    2.39    0    1    1     0.00    65.08    65.08    427.34    342.21
Q4N 1eoc.pdb 1eoc.pdb    35    0.00  100.00    2.16    0    3    3     0.00   215.62   215.62    153.09    112.22
REA 1epb.pdb 1epb.pdb     8    0.00   57.75    3.49    0    1    1     0.00   164.79   164.79    299.43    293.33
LIG 1epo.pdb 1epo.pdb    19    0.00   54.74    3.35    0    1    1     0.00    58.95    58.95    653.76    625.92
T44 1eta.pdb 1eta.pdb     5    0.00    0.00    3.52    0    0    1     0.00     0.00    70.27    776.87    312.18
MCP 1etr.pdb 1etr.pdb    10    0.00  100.00    3.60    0    1    1     0.00   127.06   127.06    508.63    470.01
LIG 1ets.pdb 1ets.pdb    27    0.00   61.18    2.98    0    1    1     0.00   180.00   180.00    522.64    454.94
LIG 1ett.pdb 1ett.pdb    21    0.00  100.00    3.71    0    1    1     0.00   185.54   185.54    429.56    380.54
GAS 1etz.pdb 1etz.pdb    28    0.00   86.15    2.10    0    2    2     0.00    86.15    86.15    383.42    341.21
Q81 1f0r.pdb 1f0r.pdb    27    0.00   61.84    2.38    0    2    2     0.00    75.00    75.00    454.55    392.29
PR2 1f0s.pdb 1f0s.pdb    26    0.00   52.86    3.82    0    1    1     0.00   108.57   108.57    427.50    355.66
TPM 1f3d.pdb 1f3d.pdb    32    0.00   58.93    3.42    0    4    4     0.00    66.07    66.07    204.29    205.42
LIG 1fax.pdb 1fax.pdb    20    0.00    0.00    1.20    0    0    5     0.00     0.00    43.53    445.53    394.10
HTA 1fbl.pdb 1fbl.pdb    21    0.00   98.28    3.50    0    2    2     0.00   144.83   144.83    378.44    359.06
AZE 1fen.pdb 1fen.pdb    12    0.00  100.00    3.84    0    1    1     0.00   139.76   139.76    270.45    312.73
SU1 1fgi.pdb 1fgi.pdb    32    0.00   61.40    3.55    0    3    3     0.00    94.74    94.74    295.31    254.00
TSA 1fig.pdb 1fig.pdb    43    0.00   94.34    2.16    0    4    4     0.00   101.89   101.89    226.18    190.63
SB3 1fkg.pdb 1fkg.pdb     5    0.00   69.57    3.35    0    1    1     0.00    69.57    69.57    449.58    420.18
SB1 1fki.pdb 1fki.pdb     6    0.00   85.07    1.22    0    1    1     0.00    85.07    85.07    437.57    428.37
SPB 1fl3.pdb 1fl3.pdb    34    0.00   52.94    3.92    0    6    4     0.00    61.18    65.88    308.35    272.34
FLU 1flr.pdb 1flr.pdb    24    0.00   96.83    3.95    0    2    2     0.00   115.87   115.87    331.30    277.47
FDP 1frp.pdb 1frp.pdb    11    0.00   95.56    2.83    0    1    1     0.00    95.56    95.56    335.08    229.36
ACE 1ghb.pdb 1ghb.pdb     7    0.00   98.04    1.79    0    1    1     0.00   103.92   103.92    245.25    212.34
GTS 1glp.pdb 1glp.pdb    14    0.00   67.65    3.65    0    1    1     0.00   126.47   126.47    447.35    345.70
GTB 1glq.pdb 1glq.pdb    10    0.00   53.49    3.84    0    1    1     0.00   150.00   150.00    507.47    409.54
LIG 1gpy.pdb 1gpy.pdb    12    0.00   98.00    3.01    0    1    1     0.00   194.00   194.00    258.12    186.21
K21 1hak.pdb 1hak.pdb    22    0.00   50.72    2.79    0    1    1     0.00    76.81    76.81    424.60    416.90
CBO 1hdc.pdb 1hdc.pdb    13    0.00   63.29    1.89    0    1    1     0.00    84.81    84.81    568.74    548.00
PYZ 1hdy.pdb 1hdy.pdb     9    0.00  100.00    3.64    0    1    1     0.00   320.00   320.00    192.97     84.86
OME 1hef.pdb 1hef.pdb    10    0.00   93.75    3.46    0    1    1     0.00   175.00   175.00    730.91    671.85
HAP 1hfc.pdb 1hfc.pdb     9    0.00   92.98    1.93    0    1    1     0.00   122.81   122.81    348.42    344.72
LIG 1hiv.pdb 1hiv.pdb    13    0.00   99.00    3.88    0    1    1     0.00   108.00   108.00    812.01    722.45
LIG 1hos.pdb 1hos.pdb    12    0.00   94.90    3.12    0    1    1     0.00    72.45    72.45    770.85    724.82
LIG 1hpv.pdb 1hpv.pdb    11    0.00   74.39    3.22    0    1    1     0.00    81.71    81.71    505.63    474.50
S57 1hri.pdb 1hri.pdb    15    0.00    0.00    3.84    0    0    1     0.00     0.00   123.26    308.80    291.07
LIG 1hsb.pdb 1hsb.pdb    31    0.00  100.00    3.81    0    1    1     0.00   188.52   188.52    244.31    237.90
LIG 1hsl.pdb 1hsl.pdb     8    0.00  100.00    3.77    0    1    1     0.00   105.26   105.26    155.15    137.14
LIG 1htf.pdb 1htf.pdb    12    0.00   98.70    1.50    0    1    1     0.00   150.65   150.65    574.73    544.25
PGA 1hti.pdb 1hti.pdb    14    0.00  100.00    3.85    0    1    1     0.00   163.89   163.89    153.01    103.13
LIG 1hvr.pdb 1hvr.pdb    17    0.00   92.71    2.37    0    1    1     0.00    84.38    84.38    606.75    580.36
BZS 1hyt.pdb 1hyt.pdb    19    0.00   75.51    3.25    0    1    1     0.00    93.88    93.88    206.19    179.82
OBN 1ibg.pdb 1ibg.pdb    26    0.00   81.69    3.76    0    1    1     0.00   104.23   104.23    584.65    517.26
OLA 1icn.pdb 1icn.pdb     8    0.00  100.00    3.91    0    1    1     0.00   140.21   140.21    281.45    332.22
PY2 1ida.pdb 1ida.pdb    12    0.00   91.59    2.96    0    1    1     0.00    93.46    93.46    724.95    695.42
DGX 1igj.pdb 1igj.pdb     5    0.00  100.00    2.93    0    1    1     0.00   136.23   136.23    519.65    483.96
LIP 1imb.pdb 1imb.pdb     8    0.00  100.00    3.97    0    1    1     0.00   368.09   368.09    258.12    189.38
ST1 1ivb.pdb 1ivb.pdb    20    0.00   92.50    3.13    0    2    2     0.00   117.50   117.50    239.16    194.96
ST2 1ivc.pdb 1ivc.pdb    32    0.00   89.19    1.96    0    1    1     0.00   229.73   229.73    209.18    174.39
ST1 1ivd.pdb 1ivd.pdb    31    0.00  100.00    2.17    0    3    3     0.00   215.91   215.91    239.16    180.76
ST3 1ive.pdb 1ive.pdb     9    0.00   97.30    2.84    0    1    1     0.00   275.68   275.68    193.18    167.57
LIG 1ivq.pdb 1ivq.pdb    14    0.00   97.87    3.38    0    1    1     0.00    97.87    97.87    613.83    582.55
LIG 1jao.pdb 1jao.pdb    12    0.00  100.00    2.98    0    1    1     0.00   125.81   125.81    322.40    274.28
LIG 1jap.pdb 1jap.pdb    10    0.00   57.45    3.71    0    7    2     0.00    78.72   119.15    299.35    283.82
AAH 1kel.pdb 1kel.pdb     9    0.00   83.33    3.06    0    1    1     0.00   105.00   105.00    343.25    257.04
PNP 1kno.pdb 1kno.pdb    28    0.00  100.00    1.55    0    2    2     0.00   128.30   128.30    216.11    164.32
ORN 1lah.pdb 1lah.pdb     6    0.00   85.29    3.36    0    3    3     0.00   102.94   102.94    133.17    132.75
PLU 1lcp.pdb 1lcp.pdb     4    0.00   94.29    3.79    0    1    1     0.00   271.43   271.43    165.13    147.49
OXM 1ldm.pdb 1ldm.pdb     7    0.00  100.00    0.00    0    1    0     0.00   470.00     0.00     88.04     66.15
HDS 1lic.pdb 1lic.pdb     8    0.00   94.81    3.84    0    1    1     0.00   119.48   119.48    305.50    316.79
PHS 1lkk.pdb 1lkk.pdb     9    0.00    0.00    3.48    0    0    3     0.00     0.00    41.18    669.55    544.55
NAG 1lmo.pdb 1lmo.pdb     8    0.00   90.00    3.92    0    1    1     0.00   150.00   150.00    424.40    364.87
LIG 1lna.pdb 1lna.pdb     5    0.00   97.83    2.99    0    1    1     0.00   239.13   239.13    246.33    257.16
MPA 1lpm.pdb 1lpm.pdb    15    0.00   86.30    3.70    0    1    1     0.00   171.23   171.23    303.40    302.33
LIG 1lst.pdb 1lst.pdb     7    0.00   94.44    3.77    0    2    2     0.00   105.56   105.56    147.20    148.05
STA 1lyb.pdb 1lyb.pdb    22    0.00   59.00    3.53    0    1    1     0.00    65.00    65.00    684.88    728.06
LIG 1lyl.pdb 1lyl.pdb    26    0.00   90.91    3.87    0    7    2     0.00    90.91   230.30    132.20    146.55
LIG 1mbi.pdb 1mbi.pdb    13    0.00  100.00    1.19    0    2    2     0.00   112.50   112.50     68.08     63.01
NH2 1mcq.pdb 1mcq.pdb    27    0.00   98.53    3.26    0    1    1     0.00   267.65   267.65    293.32    269.84
ACE 1mcr.pdb 1mcr.pdb     7    0.00   98.57    3.32    0    1    1     0.00   164.29   164.29    293.30    264.92
SAA 1mdr.pdb 1mdr.pdb     7    0.00   91.67    1.73    0    2    2     0.00   102.78   102.78    165.17    143.41
PGA 1ml1.pdb 1ml1.pdb    32    0.00  100.00    1.73    0   11   11     0.00   100.00   100.00    153.01     98.05
CIT 1mld.pdb 1mld.pdb     9    0.00   94.12    0.00    0    1    0     0.00   308.82     0.00    189.10    134.64
LIG 1mmb.pdb 1mmb.pdb    12    0.00   81.03    2.83    0    1    1     0.00   134.48   134.48    476.63    427.76
RRS 1mmq.pdb 1mmq.pdb     4    0.00   91.67    2.52    0    1    1     0.00   128.33   128.33    455.57    428.42
LIG 1mnc.pdb 1mnc.pdb    10    0.00   90.32    3.56    0    1    1     0.00   129.03   129.03    348.42    333.93
ADN 1mrg.pdb 1mrg.pdb     4    0.00  100.00    2.31    0    1    1     0.00   212.50   212.50    135.13    108.81
FMC 1mrk.pdb 1mrk.pdb     6    0.00   90.62    3.87    0    1    1     0.00    93.75    93.75    267.24    214.49
BX3 1mts.pdb 1mts.pdb    13    0.00   56.00    3.14    0    1    1     0.00   112.00   112.00    459.56    444.24
LIG 1mtw.pdb 1mtw.pdb    15    0.00   52.86    3.21    0    1    1     0.00    75.71    75.71    445.53    399.75
TZL 1mup.pdb 1mup.pdb    13    0.00  100.00    2.08    0    2    2     0.00   115.38   115.38    143.25    138.86
CHR 1nco.pdb 1nco.pdb     5    0.00   53.41    3.06    0    1    1     0.00    62.50    62.50    660.64    573.09
NPA 1ngp.pdb 1ngp.pdb     7    0.00  100.00    2.99    0    1    1     0.00   157.50   157.50    195.13    155.60
NTC 1nis.pdb 1nis.pdb    11    0.00  100.00    3.86    0    1    1     0.00   175.68   175.68    191.10    136.46
LIG 1nsd.pdb 1nsd.pdb    29    0.00  100.00    3.16    0    2    2     0.00   157.78   157.78    290.25    249.67
LIG 1okl.pdb 1okl.pdb    22    0.00    0.00    1.76    0    0    2     0.00     0.00    50.00    249.31    216.67
LIG 1okm.pdb 1okm.pdb    18    0.00   80.95    2.69    0    2    2     0.00   104.76   104.76    271.34    240.09
PAB 1pbd.pdb 1pbd.pdb    11    0.00   90.62    0.00    0    1    0     0.00   331.25     0.00    136.13    118.72
PGA 1pdz.pdb 1pdz.pdb    32    0.00   89.66    3.32    0    1    1     0.00   213.79   213.79    154.02     99.52
LIG 1pgp.pdb 1pgp.pdb    42    0.00   87.50    3.40    0    4    4     0.00   182.50   182.50    273.11    201.86
PFZ 1pha.pdb 1pha.pdb     7    0.00  100.00    2.45    0    1    1     0.00   125.37   125.37    341.28    297.28
PIM 1phd.pdb 1phd.pdb    10    0.00   53.66    2.37    0    1    1     0.00   351.22   351.22    143.17    125.86
LIG 1phf.pdb 1phf.pdb    30    0.00  100.00    2.79    0    1    1     0.00   107.84   107.84    144.17    141.29
MYT 1phg.pdb 1phg.pdb     8    0.00   92.45    3.98    0    1    1     0.00    92.45    92.45    226.27    210.58
GEL 1poc.pdb 1poc.pdb     7    0.00   91.86    3.13    0    1    1     0.00   115.12   115.12    488.51    484.74
LIG 1ppc.pdb 1ppc.pdb    15    0.00   51.43    3.70    0    1    1     0.00    52.86    52.86    522.64    445.06
LIG 1pph.pdb 1pph.pdb    12    0.00   52.86    3.46    0    1    1     0.00    72.86    72.86    429.56    376.88
GLC 1ppi.pdb 1ppi.pdb    20    0.00   86.67    3.02    0    1    1     0.00    86.67    86.67    808.75    674.33
OPH 1ppl.pdb 1ppl.pdb    23    0.00   50.52    3.83    0    1    1     0.00    53.61    53.61    611.71    632.84
STA 1pso.pdb 1pso.pdb    20    0.00   71.84    3.77    0    1    1     0.00    79.61    79.61    684.88    699.79
PHS 1ptv.pdb 1ptv.pdb    24    0.00  100.00    3.41    0    3    3     0.00   100.00   100.00    259.15    191.76
LIG 1qbr.pdb 1qbr.pdb    13    0.00   89.80    3.85    0    1    1     0.00    62.24    62.24    758.91    623.86
LIG 1qbt.pdb 1qbt.pdb    11    0.00   98.94    1.20    0    1    1     0.00   121.28   121.28    824.92    666.94
LIG 1qbu.pdb 1qbu.pdb    18    0.00   91.75    2.22    0    1    1     0.00    72.16    72.16    596.74    514.18
PP1 1qcf.pdb 1qcf.pdb    45    0.00   98.46    2.16    0    1    1     0.00   169.23   169.23    281.36    276.67
XYP 1qh7.pdb 1qh7.pdb    10    0.00   89.74    2.12    0    1    1     0.00   100.00   100.00    150.13    118.81
ZEN 1ql7.pdb 1ql7.pdb    16    0.00   59.72    3.42    0    1    1     0.00    65.28    65.28    499.02    406.39
PP2 1qpe.pdb 1qpe.pdb    28    0.00   67.35    3.65    0    1    1     0.00   220.41   220.41    301.77    254.64
NTM 1qpq.pdb 1qpq.pdb    13    0.00  100.00    3.74    0    1    1     0.00   271.88   271.88    165.10    128.13
LIG 1rbp.pdb 1rbp.pdb    13    0.00  100.00    3.15    0    1    1     0.00   112.20   112.20    286.45    320.62
GPC 1rds.pdb 1rds.pdb     5    0.00   65.57    2.37    0    1    1     0.00    72.13    72.13    589.41    414.58
C60 1rne.pdb 1rne.pdb    12    0.00   94.74    3.71    0    1    1     0.00   193.86   193.86    730.01    724.56
Q2G 1rnt.pdb 1rnt.pdb     6    0.00   54.76    3.35    0    6    3     0.00    54.76    45.24    361.20    253.21
C2P 1rob.pdb 1rob.pdb     7    0.00   79.55    3.74    0    1    1     0.00    90.91    90.91    321.18    249.34
TNK 1rt2.pdb 1rt2.pdb    93    0.00  100.00    2.40    0    2    2     0.00   128.41   128.41    364.44    359.95
LIG 1sln.pdb 1sln.pdb    11    0.00   75.00    3.99    0    1    1     0.00   180.26   180.26    483.58    458.55
GAL 1slt.pdb 1slt.pdb     3    0.00   65.71    3.83    0    1    1     0.00    68.57    68.57    382.34    315.40
PTP 1snc.pdb 1snc.pdb     4    0.00   77.78    2.87    0    1    1     0.00   109.26   109.26    398.16    304.26
LIG 1srf.pdb 1srf.pdb    14    0.00   85.00    2.17    0    1    1     0.00    95.00    95.00    297.33    275.09
LIG 1srg.pdb 1srg.pdb    20    0.00  100.00    2.52    0    1    2     0.00   107.69    94.23    255.25    224.95
LIG 1srh.pdb 1srh.pdb    15    0.00  100.00    3.58    0    1    1     0.00   147.06   147.06    301.27    290.30
NAB 1srj.pdb 1srj.pdb    10    0.00   91.07    2.64    0    1    1     0.00    96.43    96.43    291.28    255.13
BTN 1stp.pdb 1stp.pdb     6    0.00   60.00    1.20    0    1    1     0.00    62.00    62.00    243.30    216.58
UFP 1tdb.pdb 1tdb.pdb    11    0.00   90.91    0.00    0    1    0     0.00   330.91     0.00    325.16    242.09
N3T 1tka.pdb 1tka.pdb    16    0.00   93.33    3.82    0    1    1     0.00   161.33   161.33    421.30    311.41
LIG 1tlp.pdb 1tlp.pdb    16    0.00   83.58    3.73    0    1    1     0.00   129.85   129.85    541.49    423.62
CLT 1tmn.pdb 1tmn.pdb    23    0.00    0.00    3.14    0    0    1     0.00     0.00    70.77    478.56    438.43
AMC 1tng.pdb 1tng.pdb     6    0.00   97.56    2.21    0    1    1     0.00   117.07   117.07    114.21    132.23
LIG 1tnh.pdb 1tnh.pdb    12    0.00  100.00    3.55    0    1    1     0.00   156.41   156.41    126.15    119.16
PBN 1tni.pdb 1tni.pdb     6    0.00   95.12    3.78    0    1    1     0.00   173.17   173.17    150.24    166.19
TPA 1tnl.pdb 1tnl.pdb     5    0.00  100.00    3.75    0    1    1     0.00   209.76   209.76    134.20    145.55
PGH 1tph.pdb 1tph.pdb     9    0.00  100.00    3.49    0    1    1     0.00   169.70   169.70    167.01    109.92
APA 1tpp.pdb 1tpp.pdb     9    0.00   87.50    3.12    0    1    1     0.00    89.58    89.58    222.20    194.29
TPP 1trk.pdb 1trk.pdb    14    0.00  100.00    2.77    0    1    1     0.00   111.39   111.39    423.30    298.71
TYL 1tyl.pdb 1tyl.pdb     3    0.00   78.57    2.84    0    2    2     0.00   114.29   114.29    151.16    139.36
AMP 1ukz.pdb 1ukz.pdb     8    0.00   83.87    3.70    0    1    1     0.00   124.19   124.19    345.21    256.47
GUN 1ulb.pdb 1ulb.pdb     8    0.00  100.00    3.08    0    1    1     0.00   241.86   241.86    151.13    115.53
LIG 1uvs.pdb 1uvs.pdb    21    0.00   97.67    3.72    0    1    1     0.00   176.74   176.74    466.62    436.43
LIG 1uvt.pdb 1uvt.pdb    20    0.00   94.81    3.87    0    1    1     0.00   116.88   116.88    384.47    344.49
V36 1vgc.pdb 1vgc.pdb    13    0.00   89.47    3.54    0    1    1     0.00   122.81   122.81    255.46    218.57
SD8 1vrh.pdb 1vrh.pdb    20    0.00   63.64    3.79    0    1    1     0.00    75.76    75.76    388.51    328.22
LTR 1wap.pdb 1wap.pdb     8    0.00   96.94    3.75    0    1    1     0.00   176.53   176.53    588.48    572.55
ASC 1xid.pdb 1xid.pdb     4    0.00   76.60    3.30    0    1    1     0.00   174.47   174.47    175.12    131.30
ASO 1xie.pdb 1xie.pdb     5    0.00   69.77    0.00    0    1    0     0.00   223.26     0.00    164.16    145.93
Q4P 1xkb.pdb 1xkb.pdb    16    0.00   51.16    2.32    0    1    2     0.00   129.07    44.19    389.47    347.59
IQP 1ydr.pdb 1ydr.pdb    30    0.00   70.91    1.61    0    2    2     0.00   103.64   103.64    292.38    246.72
IQS 1yds.pdb 1yds.pdb    31    0.00  100.00    3.73    0    1    1     0.00   225.00   225.00    266.34    226.71
IQB 1ydt.pdb 1ydt.pdb    26    0.00   97.62    3.62    0    1    1     0.00   142.86   142.86    447.37    350.96
PNB 1yee.pdb 1yee.pdb    26    0.00   93.83    2.23    0    1    1     0.00   149.38   149.38    356.22    275.59
GEP 25c8.pdb 25c8.pdb    29    0.00   92.50    2.97    0    1    1     0.00   140.00   140.00    332.44    360.13
Q2G 2aad.pdb 2aad.pdb    14    0.00   92.11    3.74    0    4    4     0.00    97.37    97.37    361.20    268.54
EDR 2ack.pdb 2ack.pdb    19    0.00  100.00    1.50    0    1    1     0.00   146.43   146.43    166.24    174.10
HPR 2ada.pdb 2ada.pdb     7    0.00   84.31    3.50    0    1    1     0.00   158.82   158.82    270.24    227.04
AMP 2ak3.pdb 2ak3.pdb     8    0.00   88.46    3.52    0    1    1     0.00   119.23   119.23    345.21    252.95
GAS 2cgr.pdb 2cgr.pdb     6    0.00   98.59    2.25    0    1    1     0.00   114.08   114.08    384.43    329.01
BAR 2cht.pdb 2cht.pdb     5    0.00  100.00    3.25    0    1    1     0.00   157.50   157.50    226.18    182.84
CIT 2cmd.pdb 2cmd.pdb     6    0.00  100.00    3.77    0    1    1     0.00   255.88   255.88    189.10    144.61
LIG 2cpp.pdb 2cpp.pdb    27    0.00   81.08    3.41    0    2    2     0.00   135.14   135.14    152.23    168.97
LOF 2ctc.pdb 2ctc.pdb     5    0.00  100.00    1.88    0    1    1     0.00   135.42   135.42    165.17    147.58
S5H 2dbl.pdb 2dbl.pdb     7    0.00   81.43    3.32    0    1    1     0.00    81.43    81.43    417.56    391.13
LIG 2er7.pdb 2er7.pdb    19    0.00    0.00    3.95    0    0    1     0.00     0.00    75.97   1099.30    977.58
FMN 2fox.pdb 2fox.pdb     7    0.00   56.45    3.94    0    2    1     0.00    58.06    48.39    456.34    359.04
GLC 2gbp.pdb 2gbp.pdb     8    0.00   79.49    2.10    0    1    1     0.00    79.49    79.49    180.16    158.56
LIG 2h4n.pdb 2h4n.pdb    19    0.00  100.00    1.82    0    1    1     0.00   155.00   155.00    221.24    162.13
LIG 2ifb.pdb 2ifb.pdb    11    0.00  100.00    3.80    0    1    1     0.00   130.00   130.00    255.42    279.72
LIG 2lgs.pdb 2lgs.pdb     7    0.00   94.29    3.30    0    1    1     0.00   205.71   205.71    146.12    126.88
PC1 2mcp.pdb 2mcp.pdb     4    0.00   93.10    3.08    0    1    1     0.00    93.10    93.10    183.14    159.89
LIG 2mip.pdb 2mip.pdb    29    0.00   97.17    3.58    0    1    1     0.00   117.92   117.92    752.96    728.43
Q1P 2pcp.pdb 2pcp.pdb    35    0.00   98.51    2.45    0    1    1     0.00   137.31   137.31    244.40    259.60
PHB 2phh.pdb 2phh.pdb    15    0.00   83.87    0.00    0    1    0     0.00   338.71     0.00    137.11    117.73
ACA 2pk4.pdb 2pk4.pdb     3    0.00  100.00    0.83    0    1    1     0.00   141.94   141.94    131.17    140.91
SPH 2plv.pdb 2plv.pdb    17    0.00   90.62    3.95    0    1    1     0.00   134.38   134.38    300.50    296.16
G39 2qwk.pdb 2qwk.pdb    26    0.00   90.00    3.27    0    1    1     0.00   110.00   110.00    284.35    271.85
LIG 2r04.pdb 2r04.pdb    24    0.00  100.00    2.90    0    1    1     0.00   224.49   224.49    342.43    316.77
W33 2r07.pdb 2r07.pdb    18    0.00    0.00    3.45    0    0    2     0.00     0.00    77.00    326.39    330.88
DAN 2sim.pdb 2sim.pdb     3    0.00   96.61    3.12    0    1    1     0.00   184.75   184.75    290.25    235.72
LIG 2tmn.pdb 2tmn.pdb    18    0.00   87.50    2.01    0    1    1     0.00   189.58   189.58    208.15    184.17
LIG 2tsc.pdb 2tsc.pdb    13    0.00   64.71    2.86    0    1    1     0.00    70.59    70.59    475.45    419.09
OTG 2yhx.pdb 2yhx.pdb     9    0.00   62.50    3.35    0    1    1     0.00   187.50   187.50    297.30    276.14
LIG 2ypi.pdb 2ypi.pdb    22    0.00  100.00    3.89    0    1    1     0.00   250.00   250.00    153.01     99.58
CLM 3cla.pdb 3cla.pdb     8    0.00   69.57    2.14    0    3    3     0.00    89.13    89.13    323.13    247.48
LIG 3cpa.pdb 3cpa.pdb    20    0.00   72.88    3.97    0    1    1     0.00   142.37   142.37    237.23    198.53
DES 3erd.pdb 3erd.pdb    22    0.00   96.30    3.43    0    1    1     0.00   103.70   103.70    268.35    282.84
OHT 3ert.pdb 3ert.pdb    22    0.00   97.47    2.66    0    1    1     0.00   154.43   154.43    388.52    366.42
CIN 3gch.pdb 3gch.pdb     5    0.00   91.49    3.62    0    1    1     0.00   108.51   108.51    177.18    163.71
G1P 3gpb.pdb 3gpb.pdb    61    0.00    0.00    2.96    0    0    1     0.00     0.00   136.54    519.26    414.02
NEV 3hvt.pdb 3hvt.pdb    10    0.00  100.00    1.89    0    1    1     0.00   145.21   145.21    266.30    228.22
MPB 3mth.pdb 3mth.pdb     7    0.00  100.00    1.77    0    4    4     0.00   132.14   132.14    152.15    145.41
HAR 3nos.pdb 3nos.pdb    29    0.00   98.15    3.83    0    2    2     0.00   170.37   170.37    191.21    173.68
FLP 3pgh.pdb 3pgh.pdb    38    0.00   94.64    3.45    0    1    1     0.00   376.79   376.79    243.25    218.73
BEN 3ptb.pdb 3ptb.pdb     6    0.00   91.89    1.43    0    1    1     0.00    94.59    94.59    121.16    114.70
LIG 3tpi.pdb 3tpi.pdb     7    0.00   63.79    3.88    0    1    1     0.00   139.66   139.66    230.30    234.64
PQQ 4aah.pdb 4aah.pdb    24    0.00  100.00    3.63    0    1    1     0.00   143.48   143.48    327.18    229.50
IMN 4cox.pdb 4cox.pdb    19    0.00   86.30    3.97    0    1    1     0.00   178.08   178.08    356.78    307.91
OAA 4cts.pdb 4cts.pdb    14    0.00   59.26    3.47    0    1    3     0.00   196.30   162.96    130.06     94.37
MTX 4dfr.pdb 4dfr.pdb     9    0.00   71.56    3.92    0    1    1     0.00    63.30    63.30    831.67    736.51
LIG 4er2.pdb 4er2.pdb    15    0.00    0.00    3.18    0    0    1     0.00     0.00    58.25    684.88    654.16
FPA 4est.pdb 4est.pdb    14    0.00   53.49    3.90    0    2    2     0.00    51.16    51.16    524.56    512.12
FDS 4fab.pdb 4fab.pdb     8    0.00   98.41    3.86    0    1    1     0.00   126.98   126.98    330.29    268.27
LIG 4fbp.pdb 4fbp.pdb    21    0.00   80.00    3.50    0    2    3     0.00   198.00   160.00    345.21    239.29
Q96 4lbd.pdb 4lbd.pdb    23    0.00   98.77    3.56    0    1    1     0.00   123.46   123.46    398.45    367.60
VAC 4phv.pdb 4phv.pdb    11    0.00   99.01    1.68    0    1    1     0.00   124.75   124.75    618.76    560.56
LIG 4tpi.pdb 4tpi.pdb    19    0.00  100.00    3.82    0    1    1     0.00   130.19   130.19    216.28    217.01
LIG 5abp.pdb 5abp.pdb    20    0.00  100.00    1.45    0    4    4     0.00   100.00   100.00    180.16    150.62
LIG 5cpp.pdb 5cpp.pdb    30    0.00   95.65    1.11    0    1    1     0.00   119.57   119.57    150.22    145.90
LIG 5er1.pdb 5er1.pdb    18    0.00    0.00    3.98    0    0    3     0.00     0.00    55.07    521.71    524.54
DHG 5p2p.pdb 5p2p.pdb     4    0.00   65.48    3.76    0    1    1     0.00    67.86    67.86    422.52    397.74
ARA 6abp.pdb 6abp.pdb     6    0.00  100.00    1.16    0    2    2     0.00   109.09   109.09    150.13    124.11
LIG 6cpa.pdb 6cpa.pdb    24    0.00   91.30    3.12    0    1    1     0.00    95.65    95.65    476.42    435.13
Q2A 6rnt.pdb 6rnt.pdb     2    0.00   52.78    3.36    0    1    1     0.00   108.33   108.33    346.21    259.59
UVC 6rsa.pdb 6rsa.pdb     6    0.00   97.62    3.43    0    1    1     0.00   180.95   180.95    321.16    238.20
LIG 7cpa.pdb 7cpa.pdb    19    0.00   75.90    3.72    0    1    1     0.00    90.36    90.36    580.57    520.52
PGH 7tim.pdb 7tim.pdb     5    0.00   93.94    1.35    0    2    2     0.00    93.94    93.94    169.03    111.60
LIG 8gch.pdb 8gch.pdb     4    0.00   72.73    3.89    0    1    1     0.00    90.91    90.91    332.35    294.53
