LIG | COMPLEXE | APO | NB_PCK | OVLP1 | OVLP2 | DIST_CM | POS1 | POS2 | POS3 | REL_OVLP1 | REL_OVLP2 | REL_OVLP3 | LIGMASS | LIGVOL
THA 1ACJ.pdb 1QIF-1ACJ.pdb    36   79.31   78.85    3.43    1    1    1   313.79   175.00   175.00    184.15    162.92
IVA 1APU.pdb 3APP-1APU.pdb    15    0.00    0.00    3.47    0    0    1     0.00     0.00    95.45    398.26    351.59
QND 1IDA.pdb 1HSI-1IDA.pdb    17   86.54   83.84    3.68    1    1    1   200.00   105.05   105.05    672.54    601.93
IVA 1PSO.pdb 1PSN-1PSO.pdb    19   84.44   67.05    3.45    1    1    1   180.00    92.05    92.05    622.39    540.53
PO3 2TMN.pdb 1L3F-2TMN.pdb    21   60.87   72.50    2.80    1    1    1   295.65   170.00   170.00    195.05    152.27
UMP 1BID.pdb 3TMS-1BID.pdb    23   63.64   65.12    3.48    1    1    1   181.82   139.53   139.53    295.08    198.17
NAD 1CDO.pdb 8ADH-1CDO.pdb    27    0.00    0.00    3.58    0    0    1     0.00     0.00   134.74    636.21    401.46
MID 1DWD.pdb 1HXF-1DWD.pdb    21   95.65   87.95    3.35    1    1    1   313.04   173.49   173.49    490.39    362.35
AMP 1FBP.pdb 2FBP-1FBP.pdb    63    0.00   78.26    3.18    0    1    1     0.00   223.91   223.91    333.11    248.44
GAL 1GCA.pdb 1GCG-1GCA.pdb    26   55.22   97.30    3.34    1    1    1   137.31   248.65   248.65    180.16    144.84
NAG 1HEW.pdb 1HEL-1HEW.pdb    10    0.00   62.71    3.57    0    1    1     0.00   113.56   113.56    586.27    479.56
BZS 1HYT.pdb 1NPC-1HYT.pdb    20    0.00    0.00    3.82    0    0    1     0.00     0.00   100.00    196.12    165.43
ICL 1INC.pdb 1ESA-1INC.pdb    18    0.00    0.00    3.66    0    0    1     0.00     0.00   126.32    331.65    269.38
RTL 1RBP.pdb 1BRQ-1RBP.pdb    13   55.56   61.25    3.23    1    1    1   259.26    87.50    87.50    256.21    274.02
C2P 1ROB.pdb 8RAT-1ROB.pdb    10   71.43   70.73    2.29    1    1    1   135.71    92.68    92.68    309.09    211.32
BTN 1STP.pdb 1SWB-1STP.pdb    11   79.49   84.00    3.32    1    1    1   135.90   106.00   106.00    228.18    170.66
GUN 1ULB.pdb 1ULA-1ULB.pdb    23   66.67   60.53    0.00    1    1    0   594.44   281.58     0.00    146.09    106.49
PLM 2IFB.pdb 1IFB-2IFB.pdb     8   86.36   92.00    3.96    1    1    1   445.45   130.67   130.67    224.17    229.67
BEN 3PTB.pdb 3PTN-3PTB.pdb    13   80.00   85.29    2.93    1    1    1   240.00   141.18   141.18    112.09    101.19
PGA 2YPI.pdb 1YPI-2YPI.pdb    24   70.37   68.75    0.93    3    3    3   244.44   206.25   206.25    150.99     95.75
MTX 4DFR.pdb 5DFR-4DFR.pdb     8   59.46    0.00    3.05    1    0    6   272.97     0.00    46.97    432.26    352.33
VAC 4PHV.pdb 3PHV-4PHV.pdb     7   59.38   63.83    3.87    2    2    2    76.56    52.13    52.13   1152.86    509.96
MMA 5CNA.pdb 2CTV-5CNA.pdb    23   62.96   96.67    2.02    4    4    4   148.15   133.33   133.33    180.07    146.37
FVF 7CPA.pdb 5CPA-7CPA.pdb    21    0.00    0.00    3.22    0    0   11     0.00     0.00    56.94    547.30    445.11
NIP 1A6W.pdb 1A6U-1A6W.pdb     8   77.14   82.61    0.68    2    2    2   134.29   102.17   102.17    339.02    202.58
FOS 1BLH.pdb 1DJB-1BLH.pdb    20   69.57   97.62    3.85    1    1    1   295.65   161.90   161.90    217.07    162.13
GLC 1BYB.pdb 1BYA-1BYB.pdb    31   72.31   77.53    3.96    1    1    1   241.54   176.40   176.40    624.24    457.34
PLH 1HFC.pdb 1CGE-1HFC.pdb    10   87.18   88.46    2.26    1    1    1   176.92   132.69   132.69    322.21    279.18
DGX 1IGJ.pdb 1A4J-1IGJ.pdb    34    0.00    0.00    3.34    0    0    1     0.00     0.00   108.62    476.31    390.44
LIP 1IMB.pdb 1IME-1IMB.pdb    36   75.00  100.00    3.76    1    1    1   394.44   330.23   330.23    247.03    162.32
ST1 1IVD.pdb 1NNA-1IVD.pdb    27    0.00    0.00    1.82    0    0    1     0.00     0.00   190.70    234.12    182.16
ADN 1MRG.pdb 1AHC-1MRG.pdb    16   69.05   93.55    2.91    1    1    1   147.62   200.00   200.00    146.13    117.52
DX9 1MTW.pdb 2TGA-1MTW.pdb    12    0.00    0.00    3.41    0    0    3     0.00     0.00    46.15    416.30    346.17
SAB 1OKM.pdb 4CA2-1OKM.pdb    22   78.26   78.38    3.75    2    2    2   191.30   118.92   118.92    254.20    207.01
PGA 1PDZ.pdb 1PDY-1PDZ.pdb    22   68.42   86.21    0.00    1    1    0   505.26   331.03     0.00    150.99     91.42
PIM 1PHD.pdb 1PHC-1PHD.pdb    28    0.00   53.85    3.25    0    1    1     0.00   392.31   392.31    136.11    119.05
PP2 1QPE.pdb 3LCK-1QPE.pdb    28   78.57   97.96    1.99    1    1    1   292.86   167.35   167.35    288.67    236.55
C60 1RNE.pdb 1BBS-1RNE.pdb    24   84.31   69.52    3.39    1    1    1   262.75   127.62   127.62    666.51    583.85
THP 1SNC.pdb 1STN-1SNC.pdb    12   64.29   64.81    3.82    1    1    1   207.14   107.41   107.41    386.06    271.89
MTB 1SRF.pdb 1PTS-1SRF.pdb     8   69.81   81.13    1.10    1    1    1    88.68    88.68    88.68    280.19    255.60
HFA 2CTC.pdb 2CTB-2CTC.pdb    18   80.95   93.62    2.05    1    1    1   338.10   151.06   151.06    156.09    133.07
AZM 2H4N.pdb 2CBA-2H4N.pdb    18   60.87   65.00    1.77    3    3    3   169.57    97.50    97.50    216.20    133.95
ACA 2PK4.pdb 1KRN-2PK4.pdb     5    0.00    0.00    3.55    0    0    1     0.00     0.00   113.33    118.07    108.65
DAN 2SIM.pdb 2SIL-2SIM.pdb    19   67.86   89.36    3.73    1    1    1   264.29   157.45   157.45    274.12    211.24
OAC 3GCH.pdb 1CHG-3GCH.pdb    14   67.86   58.54    3.86    3    3    3   203.57   139.02   139.02    152.11    139.57
MPB 3MTH.pdb 6INS-3MTH.pdb     6   81.25   73.08    3.74    3    3    3   187.50   115.38   115.38    144.08    119.01
DHG 5P2P.pdb 3P2P-5P2P.pdb     9   55.56    0.00    2.26    2    0    2    97.78     0.00    52.38    381.19    332.07
UVC 6RSA.pdb 7RAT-6RSA.pdb    10    0.00    0.00    2.09    0    0    1     0.00     0.00   200.00    337.11    232.48
