LIG | COMPLEXE | APO | NB_PCK | OVLP1 | OVLP2 | DIST_CM | POS1 | POS2 | POS3 | REL_OVLP1 | REL_OVLP2 | REL_OVLP3 | LIGMASS | LIGVOL
THA 1ACJ.pdb 1ACJ.pdb    33   96.55  100.00    3.81    1    1    1   451.72   251.92   251.92    184.15    153.64
IVA 1APU.pdb 1APU.pdb    12   86.49   83.33    3.68    1    1    1   235.14   131.82   131.82    398.26    362.04
QND 1IDA.pdb 1IDA.pdb    18   75.00   83.84    1.68    1    1    1   101.92    53.54    53.54    672.54    548.74
IVA 1PSO.pdb 1PSO.pdb    18   75.56   76.14    3.75    1    1    1   166.67    85.23    85.23    622.39    548.06
PO3 2TMN.pdb 2TMN.pdb    14   86.96  100.00    2.06    2    2    2   339.13   195.00   195.00    195.05    150.14
UMP 1BID.pdb 1BID.pdb    21   78.79   97.67    2.33    1    1    1   351.52   269.77   269.77    295.08    205.65
NAD 1CDO.pdb 1CDO.pdb    20    0.00   51.58    3.16    0    2    2     0.00    66.32    66.32    636.21    413.93
MID 1DWD.pdb 1DWD.pdb    22   91.30   97.59    2.76    1    1    1   206.52   114.46   114.46    490.39    400.96
AMP 1FBP.pdb 1FBP.pdb    31    0.00   71.74    3.50    0    1    1     0.00   123.91   123.91    333.11    217.15
GAL 1GCA.pdb 1GCA.pdb    26    0.00   83.78    2.02    0    2    2     0.00    83.78    83.78    180.16    148.06
NAG 1HEW.pdb 1HEW.pdb     7   73.33   83.05    2.48    1    1    1   206.67   105.08   105.08    586.27    454.48
BZS 1HYT.pdb 1HYT.pdb    17   83.33   91.67    1.84    1    1    1   362.50   181.25   181.25    196.12    163.66
ICL 1INC.pdb 1INC.pdb    15    0.00    0.00    3.54    0    0    3     0.00     0.00    82.46    331.65    273.78
RTL 1RBP.pdb 1RBP.pdb    13  100.00  100.00    3.35    1    1    1   348.15   117.50   117.50    256.21    235.48
C2P 1ROB.pdb 1ROB.pdb     9   57.14    0.00    3.74    1    0    1   146.43     0.00   100.00    309.09    211.32
BTN 1STP.pdb 1STP.pdb     7   84.62  100.00    4.00    1    1    1   200.00   156.00   156.00    228.18    165.72
GUN 1ULB.pdb 1ULB.pdb    23   88.89   92.11    0.00    1    1    0   583.33   276.32     0.00    146.09    105.27
PLM 2IFB.pdb 2IFB.pdb    10   86.36  100.00    3.77    1    1    1   463.64   136.00   136.00    224.17    241.76
BEN 3PTB.pdb 3PTB.pdb    13   85.00   91.18    1.41    1    1    1   175.00   102.94   102.94    112.09     98.32
PGA 2YPI.pdb 2YPI.pdb    23   81.48  100.00    3.89    1    1    1   296.30   250.00   250.00    150.99     93.84
MTX 4DFR.pdb 4DFR.pdb     5   78.38   98.48    3.92    1    1    1   278.38   156.06   156.06    432.26    342.68
VAC 4PHV.pdb 4PHV.pdb    12   84.38   97.87    1.42    1    1    1   203.12   138.30   138.30   1152.86    524.01
MMA 5CNA.pdb 5CNA.pdb    21   59.26   90.00    2.25    6    6    6   137.04   123.33   123.33    180.07    139.71
FVF 7CPA.pdb 7CPA.pdb    16   77.27   80.56    3.85    1    1    1   170.45   104.17   104.17    547.30    468.23
NIP 1A6W.pdb 1A6W.pdb    13   91.43   97.83    1.08    1    1    1   128.57    97.83    97.83    339.02    189.97
FOS 1BLH.pdb 1BLH.pdb    17   56.52   61.90    3.87    9    9    9   156.52    85.71    85.71    217.07    175.10
GLC 1BYB.pdb 1BYB.pdb    38   72.31   91.01    3.43    1    1    1   250.77   183.15   183.15    624.24    489.48
PLH 1HFC.pdb 1HFC.pdb    11   84.62   90.38    1.66    1    1    1   176.92   132.69   132.69    322.21    275.31
DGX 1IGJ.pdb 1IGJ.pdb    31  100.00   98.28    3.77    1    1    1   225.71   136.21   136.21    476.31    397.62
LIP 1IMB.pdb 1IMB.pdb    22   75.00   97.67    3.48    1    1    1   241.67   202.33   202.33    247.03    166.00
ST1 1IVD.pdb 1IVD.pdb    29    0.00   88.37    2.98    0    4    4     0.00   130.23   130.23    234.12    179.90
ADN 1MRG.pdb 1MRG.pdb    10   73.81  100.00    3.25    1    1    1   176.19   238.71   238.71    146.13    115.53
DX9 1MTW.pdb 1MTW.pdb    15   56.41   56.92    3.21    1    1    1   135.90    81.54    81.54    416.30    338.66
SAB 1OKM.pdb 1OKM.pdb    15   78.26   86.49    2.69    2    2    2   191.30   118.92   118.92    254.20    192.25
PGA 1PDZ.pdb 1PDZ.pdb    33   73.68   86.21    3.53    4    4    4   157.89   103.45   103.45    150.99     96.60
PIM 1PHD.pdb 1PHD.pdb    32   88.00  100.00    2.45    1    1    1   196.00   125.64   125.64    136.11    121.26
PP2 1QPE.pdb 1QPE.pdb    29   57.14   65.31    3.83    1    1    1   382.14   218.37   218.37    288.67    240.23
C60 1RNE.pdb 1RNE.pdb    18   56.86   57.14    2.78    1    1    1   223.53   108.57   108.57    666.51    574.99
THP 1SNC.pdb 1SNC.pdb     3   96.43  100.00    1.91    1    1    1   328.57   170.37   170.37    386.06    252.47
MTB 1SRF.pdb 1SRF.pdb     5   73.58   88.68    3.51    1    1    1   137.74   137.74   137.74    280.19    245.20
HFA 2CTC.pdb 2CTC.pdb    15   80.95  100.00    1.76    1    1    1   309.52   138.30   138.30    156.09    126.81
AZM 2H4N.pdb 2H4N.pdb    17   86.96  100.00    1.82    1    1    1   269.57   155.00   155.00    216.20    142.38
ACA 2PK4.pdb 2PK4.pdb     5   78.57   80.00    2.77    1    1    1    89.29    83.33    83.33    118.07    113.32
DAN 2SIM.pdb 2SIM.pdb    23   75.00   70.21    3.93    1    1    1   260.71   155.32   155.32    274.12    214.03
OAC 3GCH.pdb 3GCH.pdb    14   82.14   90.24    2.91    1    1    1   178.57   121.95   121.95    152.11    143.48
MPB 3MTH.pdb 3MTH.pdb     5   93.75   76.92    3.02    1    1    1   293.75   180.77   180.77    144.08    124.66
DHG 5P2P.pdb 5P2P.pdb     9   71.11   73.81    3.90    1    1    1   160.00    85.71    85.71    381.19    334.58
UVC 6RSA.pdb 6RSA.pdb     9    0.00   75.00    2.38    0    1    1     0.00    87.50    87.50    337.11    220.12
