LIG | COMPLEXE | APO | NB_PCK | OVLP1 | OVLP2 | DIST_CM | POS1 | POS2 | POS3 | REL_OVLP1 | REL_OVLP2 | REL_OVLP3 | LIGMASS | LIGVOL
EAA 11GS.pdb 11GS.pdb    14    0.00    0.00    3.65    0    0    1     0.00     0.00    68.49    581.23    418.81
I4B 184L.pdb 184L.pdb    14  100.00  100.00    0.97    2    2    2   252.94   107.50   107.50    120.11    119.26
SUC 1A0T.pdb 1A0T.pdb    39   88.46   78.57    3.62    1    1    1   165.38   102.38   102.38    640.24    479.06
NAP 1A27.pdb 1A27.pdb    21   77.22   84.16    3.38    1    1    1   241.77   189.11   189.11    715.18    474.41
THP 1A2T.pdb 1A2T.pdb     8    0.00   65.38    3.96    0    4    1     0.00    65.38   101.92    387.07    266.47
BZU 1A42.pdb 1A42.pdb    22   81.25   80.85    2.20    2    2    2   134.38    91.49    91.49    362.34    254.51
ZMR 1A4G.pdb 1A4G.pdb    31   63.04   90.91    3.71    2    2    2   108.70   113.64   113.64    312.15    249.88
GMY 1A4H.pdb 1A4H.pdb    20   71.43   71.62    2.84    1    1    1   171.43    97.30    97.30    520.32    450.10
GDP 1A4R.pdb 1A4R.pdb    16   67.86   94.00    2.85    1    1    1   119.64   134.00   134.00    428.08    283.31
PLP 1A50.pdb 1A50.pdb    28   69.05   88.37    3.85    1    1    1   230.95   225.58   225.58    221.06    166.07
NAP 1A80.pdb 1A80.pdb    19   76.34   97.70    2.88    1    1    1   133.33   142.53   142.53    715.18    484.45
ATP 1A82.pdb 1A82.pdb    21   56.60   83.02    3.46    1    1    1   107.55   107.55   107.55    491.05    312.63
GLS 1A8I.pdb 1A8I.pdb    58   66.67  100.00    3.88    3    3    3   261.54   242.86   242.86    236.09    173.79
PCP 1A96.pdb 1A96.pdb    12   71.79  100.00    1.41    1    1    1   238.46   197.87   197.87    745.96    633.83
9DI 1A9P.pdb 1A9P.pdb    24   95.00   97.92    3.16    1    1    1   232.50   193.75   193.75    254.13    194.67
SB2 1A9U.pdb 1A9U.pdb    30   62.50   68.52    3.09    4    4    4   140.00   103.70   103.70    361.31    294.13
PLP 1AAW.pdb 1AAW.pdb    32   83.33  100.00    3.83    2    2    2   226.67   165.85   165.85    221.06    161.99
BPM 1AAX.pdb 1AAX.pdb    28   50.88   62.69    2.88    1    1    1   101.75    86.57    86.57    692.16    487.17
HH2 1AD4.pdb 1AD4.pdb    47   83.33   97.83    3.74    2    2    2   247.22   193.48   193.48    344.05    241.93
MDL 1AD8.pdb 1AD8.pdb    19   89.80   97.75    3.87    1    1    1   193.88   106.74   106.74    535.32    397.05
CND 1ADB.pdb 1ADB.pdb    27    0.00   62.37    2.87    0    1    1     0.00   100.00   100.00    644.27    450.53
ACD 1ADL.pdb 1ADL.pdb     8   75.00   75.00    3.72    1    1    1   543.75   127.94   127.94    272.21    262.91
13P 1ADO.pdb 1ADO.pdb    30   51.22  100.00    3.79    1    1    1   258.54   331.25   331.25    165.02    117.80
ATR 1AFL.pdb 1AFL.pdb     9   62.79   67.39    3.20    3    3    3    86.05    80.43    80.43    491.05    313.06
SU2 1AGW.pdb 1AGW.pdb    27   76.00   91.30    3.77    2    2    2   272.00   147.83   147.83    314.23    251.61
ADE 1AHA.pdb 1AHA.pdb    16   93.10  100.00    2.38    1    1    1   217.24   175.00   175.00    130.09     98.25
MNP 1AI5.pdb 1AI5.pdb    58   83.33  100.00    3.38    1    1    1   550.00   330.00   330.00    174.09    138.80
UMP 1AIQ.pdb 1AIQ.pdb    19   80.00   96.15    3.16    1    1    1   244.44   211.54   211.54    295.08    212.80
ISA 1ALW.pdb 1ALW.pdb    22   92.31   95.24    2.68    2    2    2   361.54   111.90   111.90    299.06    160.25
FAD 1AOG.pdb 1AOG.pdb    33   86.96   97.58    0.00    1    1    0   255.43   189.52     0.00    752.29    527.71
STU 1AQ1.pdb 1AQ1.pdb    21   70.00   77.78    3.03    1    1    2   342.50   190.28    51.39    440.32    354.70
PMS 1AUR.pdb 1AUR.pdb    12   94.12  100.00    2.07    2    2    2   311.76   182.76   182.76    148.14    123.16
AP2 1AV5.pdb 1AV5.pdb    13   74.42   75.00    3.89    1    1    2   146.51   105.00   106.67    408.09    283.37
IPD 1AWB.pdb 1AWB.pdb    27   75.00   97.73    0.00    1    1    0   344.44   281.82     0.00    247.03    175.64
GLA 1AXZ.pdb 1AXZ.pdb    17   71.43   87.10    3.92    5    5    5   180.95   122.58   122.58    168.06    123.69
UFP 1B02.pdb 1B02.pdb    21   61.70   72.00    3.87    1    1    1    95.74    90.00    90.00    314.08    227.64
PLM 1B0O.pdb 1B0O.pdb    13   54.17   54.90    3.52    2    2    2   141.67    66.67    66.67    224.17    223.55
1PN 1B12.pdb 1B12.pdb    12   69.44   87.23    3.62    1    1    1   202.78   155.32   155.32    282.21    231.83
NAD 1B14.pdb 1B14.pdb    20   54.79   58.82    3.36    1    1    1    89.04    76.47    76.47    636.21    444.53
M1A 1B42.pdb 1B42.pdb    26   84.21  100.00    3.30    1    1    1   484.21   270.59   270.59    142.10    111.99
PGH 1B57.pdb 1B57.pdb    23    0.00   93.33    1.89    0    6    6     0.00    96.67    96.67    165.00    101.76
NAD 1B8U.pdb 1B8U.pdb    18   67.92   73.91    3.96    1    1    1   309.43   178.26   178.26    636.21    467.04
IN7 1B8Y.pdb 1B8Y.pdb     9   80.43   87.32    2.86    1    1    1   184.78   119.72   119.72    352.28    270.79
BIP 1BAV.pdb 1BAV.pdb    20   71.43   97.56    1.58    1    1    1   323.81   165.85   165.85    152.11    133.68
URA 1BD4.pdb 1BD4.pdb    22   78.95   85.19    0.00    1    1    0   421.05   296.30     0.00    108.06     83.12
TCA 1BE6.pdb 1BE6.pdb    11   72.22   78.79    3.84    4    4    4   261.11   142.42   142.42    124.10    119.43
GCO 1BGG.pdb 1BGG.pdb    28   70.27  100.00    0.00    1    1    0   264.86   337.93     0.00    184.06    137.52
EPE 1BHT.pdb 1BHT.pdb    10   78.12   87.18    1.40    2    2    2   112.50    92.31    92.31    220.16    180.67
CHA 1BIL.pdb 1BIL.pdb    29   50.94   62.37    3.69    1    1    1   196.23   111.83   111.83    590.46    529.59
SOA 1BIO.pdb 1BIO.pdb    21   73.68   83.33    3.76    1    1    2   410.53   216.67    94.44    114.08    102.88
2GP 1BIR.pdb 1BIR.pdb     4   58.33   94.12    2.15    1    1    1   118.75   167.65   167.65    349.11    258.39
ACV 1BK0.pdb 1BK0.pdb    25   88.24   94.44    3.09    1    1    1   276.47   130.56   130.56    338.23    265.43
PBP 1BK9.pdb 1BK9.pdb     9   61.54   89.19    2.83    2    2    2   169.23   118.92   118.92    191.99    121.60
AKG 1BL5.pdb 1BL5.pdb    36   76.92   83.33    3.73   25   25   16   223.08   120.83   125.00    140.05    104.32
FOS 1BLH.pdb 1BLH.pdb    20   56.52   61.90    3.87    9    9    9   156.52    85.71    85.71    217.07    173.29
BHC 1BQ4.pdb 1BQ4.pdb    17   86.21   88.10    3.13    1    1    1   337.93   233.33   233.33    336.12    230.22
COA 1BQ6.pdb 1BQ6.pdb    32    0.00    0.00    3.41    0    0    9     0.00     0.00    32.05    731.25    518.94
NEO 1BR5.pdb 1BR5.pdb    20   70.73   72.34    3.52    2    2    2   112.20    97.87    97.87    242.13    194.14
RTL 1BRP.pdb 1BRP.pdb    13   96.67   97.44    3.42    1    1    1   313.33   120.51   120.51    256.21    250.10
NDP 1BSV.pdb 1BSV.pdb    23    0.00    0.00    3.86    0    0    1     0.00     0.00    95.79    715.18    507.10
IM2 1BT5.pdb 1BT5.pdb    16   77.78   93.88    3.73    1    1    1   219.44   161.22   161.22    282.21    228.01
2BL 1BTU.pdb 1BTU.pdb    17   76.32   87.76    3.63    2    2    2   115.79    89.80    89.80    282.21    216.03
AP3 1BUL.pdb 1BUL.pdb    14   72.22   97.56    3.12    1    1    1   211.11   185.37   185.37    242.19    189.05
DFX 1BVV.pdb 1BVV.pdb     7   64.10   78.26    2.63    2    2    2   130.77   110.87   110.87    251.10    198.08
BA1 1BX6.pdb 1BX6.pdb    27   84.21  100.00    3.66    1    1    1   180.70   113.19   113.19    524.31    383.43
PP7 1BXO.pdb 1BXO.pdb    19    0.00   84.09    3.84    0    1    1     0.00   121.59   121.59    621.55    529.87
DOM 1BYD.pdb 1BYD.pdb    40   66.67   85.06    3.52    1    1    1   163.64   124.14   124.14    608.24    449.14
FAD 1C0I.pdb 1C0I.pdb    28   72.73  100.00    3.23    1    1    1   228.18   196.09   196.09    753.30    564.59
GCA 1C1B.pdb 1C1B.pdb    50   90.00   87.95    3.52    1    1    1   335.00   161.45   161.45    304.21    268.38
MF3 1C22.pdb 1C22.pdb    12   84.21  100.00    3.62    1    1    1   278.95   246.51   246.51    195.12    129.41
GAR 1C2T.pdb 1C2T.pdb    16   58.82   69.39    4.00    2    2    1   141.18    97.96   193.88    271.06    196.36
BZB 1C3B.pdb 1C3B.pdb    26   78.26   96.97    3.32    1    1    1   600.00   418.18   418.18    170.96    139.29
UDP 1C3J.pdb 1C3J.pdb    27    0.00   71.93    2.17    0    1    4     0.00   156.14    73.68    390.05    257.47
TSN 1C3R.pdb 1C3R.pdb    26   74.07   80.00    2.68    1    1    1   585.19   287.27   287.27    280.19    260.34
NAG 1C82.pdb 1C82.pdb    56   90.00   69.86    3.60    1    1    1   386.67   158.90   158.90    412.18    338.82
IBZ 1CEL.pdb 1CEL.pdb    26   89.29   92.73    2.92    1    1   25   950.00   483.64    45.45    395.11    223.49
IMO 1CG0.pdb 1CG0.pdb    25   66.67  100.00    3.17    1    1    1   281.67   286.44   286.44    414.07    277.23
HMC 1CPU.pdb 1CPU.pdb    30   75.00  100.00    3.94    1    1    1   212.50   212.50   212.50    148.07    121.35
PYS 1CTE.pdb 1CTE.pdb    18   87.50  100.00    1.64    3    3    3   145.83   134.62   134.62    106.13     83.68
C48 1CVZ.pdb 1CVZ.pdb    14   57.58   60.87    3.74    1    1    1   230.30   110.14   110.14    384.26    329.82
PHG 1CZS.pdb 1CZS.pdb    10   93.75   96.15    3.61    1    1    1   400.00   246.15   246.15    272.65     85.63
PAL 1D09.pdb 1D09.pdb    20    0.00   73.17    3.21    0    4    4     0.00   104.88   104.88    245.04    171.67
MNQ 1D0X.pdb 1D0X.pdb    67   51.61   60.29    3.89    1    1    3   390.32   355.88   161.76    396.05    258.82
MTX 1D1G.pdb 1D1G.pdb    15   85.71  100.00    3.84    1    1    1   240.82   147.50   147.50    432.26    343.37
ABH 1D3V.pdb 1D3V.pdb    22   70.97   82.61    3.41    1    1    1   174.19   117.39   117.39    176.88    144.67
GUN 1D6A.pdb 1D6A.pdb    19   65.91  100.00    2.00    1    1    1   140.91   172.22   172.22    149.11    113.96
ANP 1DAW.pdb 1DAW.pdb    26   79.07   98.46    2.79    1    1    1   318.60   210.77   210.77    489.06    321.05
G3P 1DC4.pdb 1DC4.pdb    24    0.00   78.12    0.00    0    1    0     0.00   337.50     0.00    163.00    114.79
MTX 1DDR.pdb 1DDR.pdb    10   56.41   54.55    3.64    1    1    1   233.33   137.88   137.88    432.26    344.09
APU 1DDT.pdb 1DDT.pdb    42   87.50  100.00    3.28    1    1    1   219.64   135.16   135.16    628.19    418.09
ACR 1DED.pdb 1DED.pdb    38   62.64   81.18    3.17    2    2    2   113.19   121.18   121.18    645.60    534.33
NDP 1DGB.pdb 1DGB.pdb    40   59.57   64.94    3.82    3    3    3   212.77   129.87   129.87    715.18    463.01
DIG 1DID.pdb 1DID.pdb    29   68.00   80.95    0.00    1    1    0   328.00   195.24     0.00    150.07    115.72
EQP 1DIL.pdb 1DIL.pdb    23   64.29   82.98    3.16    1    1    1   232.14   138.30   138.30    618.16    238.01
CIP 1DJW.pdb 1DJW.pdb    38   75.00   86.21    2.13    7    7    7   200.00   193.10   193.10    227.04    160.41
IHP 1DKP.pdb 1DKP.pdb    36    0.00   53.23    3.49    0    1    1     0.00   116.13   116.13    641.89    374.39
CAQ 1DLT.pdb 1DLT.pdb    28   73.68  100.00    1.70    4    4    4   194.74   123.33   123.33    104.06     85.75
HBI 1DMW.pdb 1DMW.pdb    25    0.00    0.00    0.00    0    0    0     0.00     0.00     0.00    226.13    187.45
NOJ 1DOG.pdb 1DOG.pdb    33   84.38  100.00    1.43    2    2    2   187.50   157.89   157.89    150.07    124.83
DEP 1DQY.pdb 1DQY.pdb    16   86.36  100.00    1.76    2    2    2   327.27   240.00   240.00    127.01    102.51
BAT 1DTH.pdb 1DTH.pdb    15   81.36  100.00    3.54    1    1    1   172.88   150.00   150.00    446.39    376.29
GNT 1DX6.pdb 1DX6.pdb    31   82.35   82.26    3.59    1    1    1   367.65   201.61   201.61    266.19    225.37
87Y 1DY3.pdb 1DY3.pdb    13   87.76   94.64    2.83    2    2    2   120.41   105.36   105.36    294.20    229.24
SES 1DZJ.pdb 1DZJ.pdb    14   96.00   98.31    3.94    1    1    1   264.00   111.86   111.86    454.16    327.40
FFC 1E0V.pdb 1E0V.pdb    16   63.33   79.31    3.53    1    1    1   200.00   206.90   206.90    307.12    224.20
CSN 1E2S.pdb 1E2S.pdb    33   74.07  100.00    2.76    5    5    5   125.93   117.24   117.24    230.13    150.81
HBO 1E4N.pdb 1E4N.pdb    31   95.24  100.00    2.67    1    1    1   628.57   269.39   269.39    202.10    159.14
SIN 1E5H.pdb 1E5H.pdb    26   83.33  100.00    3.59    3    3    3   550.00   253.85   253.85    112.04     82.81
SGC 1E5J.pdb 1E5J.pdb    19   60.00   66.67    2.47    3    1    1   248.00   151.52   151.52    336.25    250.10
AMI 1E6R.pdb 1E6R.pdb    35   73.58   82.95    2.87    1    1    1   277.36   167.05   167.05    580.29    425.10
PFL 1E7A.pdb 1E7A.pdb    50   62.07   57.55    0.97    9    3    3   186.21    96.23    96.23    320.26    331.46
KWT 1E7U.pdb 1E7U.pdb    86   88.37   98.31    1.28    3    3    3   200.00   145.76   145.76    404.24    322.14
NDP 1E7Y.pdb 1E7Y.pdb    41   51.16   80.00    3.14    3    3    3   102.33    97.78    97.78    412.08    278.99
SLB 1E8U.pdb 1E8U.pdb    33   93.10  100.00    2.69    2    2    2   293.10   157.41   157.41    290.12    228.70
GAT 1EFI.pdb 1EFI.pdb    13   72.41   62.86    3.86    1    1    1   151.72   125.71   125.71    254.13    201.87
PRF 1EFZ.pdb 1EFZ.pdb    25   88.89  100.00    0.00    1    1    0   396.30   237.78     0.00    170.11    125.02
IND 1EG9.pdb 1EG9.pdb    38  100.00  100.00    3.76    1    1    1   836.36   255.56   255.56    110.09     96.22
PLM 1EH5.pdb 1EH5.pdb    23   66.67   60.71    3.72    1    1    4   471.43   176.79    60.71    208.17    222.80
BPY 1EIR.pdb 1EIR.pdb    23   90.32  100.00    3.18    1    1    1   306.45   243.59   243.59    176.13    156.13
PAH 1ELS.pdb 1ELS.pdb    27   77.78   93.75    3.96    3    3    3   222.22   187.50   187.50    149.00     96.68
REA 1EPB.pdb 1EPB.pdb    13   72.22   62.86    0.85    2    2    2    85.19    65.71    65.71    293.38    302.07
CTS 1EQC.pdb 1EQC.pdb    23   73.53   93.55    0.00    1    1    0   338.24   370.97     0.00    174.09    137.48
DEP 1ESE.pdb 1ESE.pdb    26   91.30  100.00    1.92    1    1    1   513.04   310.53   310.53    127.01     98.99
ACR 1ESW.pdb 1ESW.pdb    40   83.87   81.82    3.97    2    2   15   387.10   218.18    41.82    602.26    478.19
DAN 1EUS.pdb 1EUS.pdb    18   65.62   77.27    2.94    3    3    3   134.38    97.73    97.73    274.12    207.85
TSB 1EVL.pdb 1EVL.pdb    39   51.61   53.73    3.62    8    1    8    66.13   162.69    61.19    426.26    307.87
R99 1EWL.pdb 1EWL.pdb    14    0.00   60.00    3.71    0    1    1     0.00   145.00   145.00    336.21    293.34
F6P 1EYI.pdb 1EYI.pdb    23   58.62   86.36    3.11    2    2    2   217.24   143.18   143.18    247.03    169.40
2AN 1EYN.pdb 1EYN.pdb    26   56.25   71.15    3.72    4    4    4   131.25    80.77    80.77    286.24    243.52
NAR 1EYQ.pdb 1EYQ.pdb    12   93.55  100.00    3.00    1    1    1   300.00   197.87   197.87    260.16    199.98
MGS 1F4X.pdb 1F4X.pdb    26    0.00   73.33    2.03    0    3    3     0.00    93.33    93.33    270.13    223.69
TBD 1F6T.pdb 1F6T.pdb     9   83.33   88.10    2.86    1    1    1   226.67   161.90   161.90    380.87    270.21
NAY 1F74.pdb 1F74.pdb    30   74.36  100.00    3.68    2    2    2   125.64   128.95   128.95    274.12    227.02
DAN 1F8B.pdb 1F8B.pdb    27   82.35  100.00    1.87    1    1    1   323.53   250.00   250.00    274.12    217.48
GLE 1FDK.pdb 1FDK.pdb     6   82.50   96.30    3.95    1    1    1   225.00   166.67   166.67    376.14    296.67
AMI 1FFQ.pdb 1FFQ.pdb    39   65.79   73.17    3.79    1    1    1   368.42   341.46   341.46    200.11    162.03
TLM 1FJ4.pdb 1FJ4.pdb    19   94.59  100.00    3.42    1    1    1   429.73   300.00   300.00    196.18    180.30
DKA 1FK0.pdb 1FK0.pdb     4   90.91   98.28    3.51    1    1    1  1045.45   198.28   198.28    152.11    140.60
SB1 1FKI.pdb 1FKI.pdb     2   76.74   90.38    3.39    1    1    1   206.98   171.15   171.15    398.26    355.48
URA 1FLZ.pdb 1FLZ.pdb    17   80.00   73.68    0.00    1    1    0   260.00   205.26     0.00    108.06     79.74
BRL 1FM6.pdb 1FM6.pdb    28   57.58   62.50    3.83    2    2    1   218.18   100.00   151.39    338.28    261.91
570 1FM9.pdb 1FM9.pdb    26   60.71   61.46    3.50    2    1    2   121.43   220.83    70.83    516.37    438.19
DMJ 1FO2.pdb 1FO2.pdb    27   58.33  100.00    3.78    2    2    2   275.00   227.59   227.59    150.07    123.93
ADP 1FP6.pdb 1FP6.pdb    18    0.00   59.18    3.33    0    4    1     0.00    63.27    97.96    412.08    268.41
GDU 1FR8.pdb 1FR8.pdb    21   83.87   74.00    3.21    3    3    3   174.19   108.00   108.00    390.05    261.30
GTP 1FRW.pdb 1FRW.pdb    11   78.05   82.14    3.70    1    1    1   207.32   151.79   151.79    507.05    329.21
TLA 1FS5.pdb 1FS5.pdb    19   94.74   97.56    3.88    1    1    1   573.68   265.85   265.85    144.04    102.86
PLU 1FT7.pdb 1FT7.pdb    12   80.77   90.70    2.37    1    1    1   153.85    93.02    93.02    153.03    118.92
KAI 1FTK.pdb 1FTK.pdb    17   71.05  100.00    3.86    1    1    1   276.32   233.33   233.33    198.11    163.27
ADP 1FWK.pdb 1FWK.pdb    24   60.00   59.65    2.16    5    2    2    72.50    80.70    80.70    412.08    287.40
BB1 1G27.pdb 1G27.pdb    14   59.52   66.07    3.83    1    1    1   130.95    98.21    98.21    298.19    290.49
EPE 1G5A.pdb 1G5A.pdb    46   82.61   85.00    0.00    1    1    0   617.39   355.00     0.00    220.16    181.91
5GP 1G7C.pdb 1G7C.pdb    44   61.11   62.22    3.28   10   10   10    83.33    66.67    66.67    349.11    233.09
UD1 1G97.pdb 1G97.pdb    32   52.31   69.05    3.18    1    1    1   200.00   154.76   154.76    580.14    384.59
DAF 1G9H.pdb 1G9H.pdb    28   62.86   56.60    2.81    2    1    1   162.86   135.85   135.85    282.14    223.16
MAL 1GJW.pdb 1GJW.pdb    54   96.77  100.00    2.66    1    1    1   564.52   336.54   336.54    320.12    250.18
ATP 1GN8.pdb 1GN8.pdb    14   88.89   94.03    2.90    1    1    1   159.26   128.36   128.36    491.05    305.97
3GP 1GOY.pdb 1GOY.pdb     7   73.33   95.00    3.78    3    3    3   117.78   132.50   132.50    349.11    231.74
DCD 1GQG.pdb 1GQG.pdb    28   81.25   92.11    3.77    1    1    1   468.75   197.37   197.37    138.19    113.01
ACP 1GQT.pdb 1GQT.pdb    22   61.90   78.38    3.81    1    1    1   240.48   136.49   136.49    487.07    303.51
OLA 1GT6.pdb 1GT6.pdb    20   64.29   92.00    3.03    2    2    2   221.43   124.00   124.00    248.19    253.34
NAD 1GUZ.pdb 1GUZ.pdb    26   87.72   89.25    3.73    2    2    2   149.12    91.40    91.40    636.21    451.92
MGL 1GZ1.pdb 1GZ1.pdb    22   90.74   88.00    3.84    1    1    1   259.26   140.00   140.00    484.19    354.44
NIR 1GZF.pdb 1GZF.pdb    15   87.50   93.75    3.94    1    1    1   217.50   181.25   181.25    224.13    183.95
FA6 1H0S.pdb 1H0S.pdb     9   72.22  100.00    3.57    2    2    2   119.44   134.38   134.38    194.08    136.50
IM2 1H5X.pdb 1H5X.pdb    17   63.33   94.74    3.64    5    5    5   143.33   113.16   113.16    282.21    234.29
C5P 1H7F.pdb 1H7F.pdb    15   60.00   62.22    3.51    7    1    1    93.33   237.78   237.78    309.09    218.51
COA 1H9G.pdb 1H9G.pdb    26   95.00   88.73    3.87    1    1    1   272.50   153.52   153.52    731.25    504.69
MAU 1HA3.pdb 1HA3.pdb    25   92.06   81.20    3.43    1    1    1   380.95   205.13   205.13    748.48    667.74
A3P 1HI4.pdb 1HI4.pdb    10   58.82   52.00    2.52    4    4    4    79.41    54.00    54.00    412.08    279.33
113 1HLK.pdb 1HLK.pdb    13   86.36   75.00    0.86    1    1    1   331.82   140.38   140.38    308.16    239.96
COA 1HND.pdb 1HND.pdb    27    0.00    0.00    3.72    0    0    1     0.00     0.00   141.77    731.25    525.25
PXP 1HO4.pdb 1HO4.pdb    17   90.91  100.00    3.47    1    1    1   339.39   219.61   219.61    237.06    168.51
INK 1HQD.pdb 1HQD.pdb    20   56.52   72.09    3.49    4    1    1   173.91   255.81   255.81    211.09    173.24
A79 1HVC.pdb 1HVC.pdb    11    0.00   97.52    2.27    0    1    1     0.00    85.95    85.95    794.98    744.14
BZS 1HYT.pdb 1HYT.pdb    19   83.33   91.67    1.84    1    1    1   362.50   181.25   181.25    196.12    162.07
LTL 1I05.pdb 1I05.pdb     9   92.86  100.00    1.90    1    1    1   414.29   123.40   123.40    128.08    122.24
FMN 1I0R.pdb 1I0R.pdb    31   73.44   95.31    1.94    2    2    2   126.56   126.56   126.56    435.18    310.71
BNI 1I9H.pdb 1I9H.pdb    10   55.81   58.93    3.13    2    2    1    97.67    75.00    73.21    344.26    264.09
MYR 1ICM.pdb 1ICM.pdb    12   65.00   55.88    3.34    2    1    1   280.00   110.29   110.29    200.15    208.02
ANP 1IG1.pdb 1IG1.pdb    28   81.63   87.67    3.53    1    1    1   338.78   227.40   227.40    489.06    336.15
3PG 1IIH.pdb 1IIH.pdb    23   72.73  100.00    3.92    1    1    1   172.73   162.86   162.86    179.00    113.51
G25 1IJE.pdb 1IJE.pdb    40    0.00   55.81    3.03    0   14   14     0.00    62.79    62.79    349.11    236.37
REX 1IKG.pdb 1IKG.pdb    19   60.71   76.47    0.82    1    1    1   132.14   108.82   108.82    348.18    276.01
GUN 1IT7.pdb 1IT7.pdb    48   75.00   93.75    0.00    1    1    0   575.00   431.25     0.00    146.09    101.58
IMP 1IWE.pdb 1IWE.pdb    37   75.51   95.00    3.30    2    2    2   228.57   186.67   186.67    335.10    226.91
CIR 1J21.pdb 1J21.pdb    37   71.05  100.00    3.92    1    1    1   389.47   448.48   448.48    162.08    129.61
NAP 1JAY.pdb 1JAY.pdb    15   75.58   96.63    2.13    1    1    1   118.60   114.61   114.61    715.18    453.37
TMF 1JBW.pdb 1JBW.pdb    29   70.37    0.00    1.94   12    0   12   155.56     0.00    77.78    310.21    242.07
CFP 1JDJ.pdb 1JDJ.pdb    29  100.00  100.00    3.19    5    5    5   409.09   136.36   136.36    170.53    107.23
MTA 1JDT.pdb 1JDT.pdb    18   85.71   97.62    3.78    1    1    1   171.43   142.86   142.86    282.21    213.89
SUC 1JJ0.pdb 1JJ0.pdb     7   70.00   76.60    3.60    2    2    1   225.00    95.74   110.64    320.12    243.15
OCT 1JLU.pdb 1JLU.pdb    28   87.50  100.00    3.97    3    3    3   825.00   146.67   146.67     96.09    112.88
AAT 1JQ3.pdb 1JQ3.pdb    24   80.30  100.00    3.11    1    1    1   153.03   123.17   123.17    394.30    339.89
NDP 1JVS.pdb 1JVS.pdb    37    0.00   61.25    3.66    0    1    1     0.00   168.75   168.75    715.18    486.41
CDC 1JYL.pdb 1JYL.pdb    19   93.55  100.00    3.10    1    1    1   250.00   184.52   184.52    462.12    331.63
MRC 1JZS.pdb 1JZS.pdb    80   80.49   81.82    3.93    1    1    1   346.34   161.36   161.36    456.27    402.16
GTT 1K0B.pdb 1K0B.pdb    16   90.00   95.00    3.61    1    1    1   260.00   130.00   130.00    290.19    219.61
NAD 1K6X.pdb 1K6X.pdb    24    0.00   56.94    3.57    0    1    1     0.00   123.61   123.61    636.21    459.47
HPY 1K70.pdb 1K70.pdb    29   81.25  100.00    2.00    2    2    2   150.00   129.73   129.73    108.06     82.24
544 1K74.pdb 1K74.pdb    27   59.18   61.22    3.95    1    1    3   302.04   151.02    66.33    480.34    412.51
AMP 1KA0.pdb 1KA0.pdb    20   96.97   98.46    3.43    1    1    1   481.82   244.62   244.62    333.11    204.70
NDP 1KEV.pdb 1KEV.pdb    26   61.29   56.31    2.54    1    1    1   145.16    87.38    87.38    715.18    510.44
GCP 1KHB.pdb 1KHB.pdb    51   79.25   92.11    2.98    1    1    1   247.17   172.37   172.37    503.06    328.68
NOS 1KIC.pdb 1KIC.pdb    21   77.42   84.00    2.02    1    1    1   225.81   140.00   140.00    256.13    187.73
PMS 1KLT.pdb 1KLT.pdb    18   51.85   70.00    3.90    1    1    1   218.52   147.50   147.50    148.14    122.30
ATP 1KO5.pdb 1KO5.pdb    14   68.18   83.33    2.91    2    2    2   125.00   101.85   101.85    491.05    303.11
BGL 1L9N.pdb 1L9N.pdb    56   64.00   70.45    3.05   12   12   12   140.00    79.55    79.55    264.15    234.00
ORN 1LAH.pdb 1LAH.pdb    18   73.68   87.50    3.36    3    3    3    92.11   109.38   109.38    120.07     99.22
T80 1LBT.pdb 1LBT.pdb    20   71.88   77.14    3.87    1    1    1   168.75    77.14    77.14    460.31    428.92
IPD 1LBX.pdb 1LBX.pdb    16   80.56   97.50    3.47    1    1    1   166.67   150.00   150.00    247.03    164.04
NAD 1LC3.pdb 1LC3.pdb    23   51.28   64.06    3.73    9    9    9   115.38    70.31    70.31    636.21    449.45
PLU 1LCP.pdb 1LCP.pdb    35   57.14   82.86    3.71    1    1    1   390.48   234.29   234.29    153.03    126.09
U49 1LD8.pdb 1LD8.pdb    55   76.67   84.75    3.39    1    1    1   576.67   293.22   293.22    414.31    358.56
ORO 1LH0.pdb 1LH0.pdb    18   81.82   86.49    2.94    1    1    1   436.36   259.46   259.46    152.06    107.71
UPG 1LL2.pdb 1LL2.pdb    17   55.56   68.85    1.86    2    2    2   105.56    93.44    93.44    542.11    353.63
AMI 1LLO.pdb 1LLO.pdb    18   87.88  100.00    1.90    1    1    1   133.33   118.92   118.92    200.11    160.73
C5P 1LP6.pdb 1LP6.pdb    12   76.19   82.22    3.79    2    2    2   204.76    95.56    95.56    309.09    219.64
MPA 1LPM.pdb 1LPM.pdb    33   90.62   93.55    2.18    1    1    1   259.38   133.87   133.87    255.14    254.73
CLR 1LRI.pdb 1LRI.pdb     6   95.45   95.71    2.94    1    1    1   377.27   118.57   118.57    340.29    326.38
BUL 1LSP.pdb 1LSP.pdb     9   62.50   72.13    3.95    1    1    1   157.14   144.26   144.26    522.31    377.40
M6P 1M6P.pdb 1M6P.pdb     7   66.67  100.00    2.03    5    5    5   110.26   165.38   165.38    247.03    181.81
3PG 1M7O.pdb 1M7O.pdb    24   82.61   96.88    3.53    1    1    1   269.57   193.75   193.75    179.00    126.68
G6D 1MMY.pdb 1MMY.pdb    31   88.24  100.00    2.04    1    1    1   558.82   279.41   279.41    152.06    120.34
ATP 1N75.pdb 1N75.pdb    39   75.00   98.31    3.16    1    1    1   284.09   211.86   211.86    491.05    309.20
DED 1NFS.pdb 1NFS.pdb    12   90.00  100.00    1.97    1    1    1   240.00   218.18   218.18    235.99    149.88
153 1NHU.pdb 1NHU.pdb    52   65.62   58.70    0.00    4    4    0   221.88   154.35     0.00    478.16    358.53
UD2 1NLM.pdb 1NLM.pdb    32    0.00   57.33    2.41    0    1    1     0.00    97.33    97.33    580.14    387.16
UCN 1NVQ.pdb 1NVQ.pdb    25   73.33   73.44    3.73    2    2    2   115.56    81.25    81.25    456.32    362.01
EQU 1OH0.pdb 1OH0.pdb    13   86.96   90.91    3.78    1    1    1   317.39   165.91   165.91    248.19    206.01
RET 1OPB.pdb 1OPB.pdb    16   69.23   57.33    3.78    2    1    1   203.85   101.33   101.33    256.21    262.35
IYG 1OPM.pdb 1OPM.pdb    19   53.12   54.72    3.85   18    1   18    81.25   249.06    49.06    517.96    259.87
BEN 1OSS.pdb 1OSS.pdb    13   92.00   89.74    1.23    1    1    1   184.00   117.95   117.95    112.09    104.46
3ID 1OYO.pdb 1OYO.pdb    13   93.75  100.00    2.83    1    1    1   531.25   293.10   293.10    142.09    108.94
ACO 1P7T.pdb 1P7T.pdb    62    0.00   51.76    3.88    0    1    1     0.00    90.59    90.59   1542.54   1117.30
SES 1PBO.pdb 1PBO.pdb    11  100.00  100.00    3.43    1    1    1   444.44   135.59   135.59    227.08    167.55
ADP 1PFK.pdb 1PFK.pdb    21   62.50   78.57    3.27    1    1    1   158.33   108.57   108.57    412.08    265.40
NAD 1PJC.pdb 1PJC.pdb    26   55.56   50.54    3.55    2    1    1    76.19   147.31   147.31    636.21    467.50
OSU 1PYY.pdb 1PYY.pdb    48   61.90   75.00    0.00    1    1    0   416.67   291.67     0.00    432.21    350.15
MG8 1Q61.pdb 1Q61.pdb    32  100.00  100.00    3.89    2    2    2   630.00   143.18   143.18     96.09    111.59
CBS 1QBB.pdb 1QBB.pdb    53    0.00   59.42    3.54    0    2    2     0.00   165.22   165.22    396.18    306.17
ATP 1QHG.pdb 1QHG.pdb    50   83.72   95.38    3.63    3    3    3   232.56   153.85   153.85    491.05    327.10
ANP 1QPC.pdb 1QPC.pdb    28   62.50    0.00    3.95   11    0    3   187.50     0.00   102.33    410.09    267.15
AHX 1SES.pdb 1SES.pdb    65   72.73  100.00    3.78    1    1    1   194.55   162.12   162.12    429.15    283.61
CST 1SGC.pdb 1SGC.pdb     7   54.00    0.00    1.56    1    0    1    96.00     0.00    67.61    582.37    488.73
DAN 1SLI.pdb 1SLI.pdb    46   77.42  100.00    3.77    3    3    3   167.74   123.81   123.81    274.12    203.53
NAP 1TDF.pdb 1TDF.pdb    25    0.00   59.79    3.14    0    2    2     0.00    69.07    69.07    722.24    490.79
ISP 1TRY.pdb 1TRY.pdb    15   52.38   75.76    1.84    1    1    1   266.67   169.70   169.70    115.00     89.80
GPP 1UBW.pdb 1UBW.pdb    30   69.23   68.63    2.81    2    2    3   423.08   215.69   119.61    294.05    219.61
U2P 1UCA.pdb 1UCA.pdb    15    0.00   61.76    3.95    0    3    3     0.00   108.82   108.82    311.08    201.86
OXN 1UEH.pdb 1UEH.pdb    21   52.73   53.10    3.12    2    2    2   125.45    61.06    61.06    688.46    708.82
DFP 1XZK.pdb 1XZK.pdb     8   51.72   97.06    3.86    1    1    1   120.69   102.94   102.94    151.04    132.84
IQB 1YDT.pdb 1YDT.pdb    25   88.64  100.00    3.65    1    1    1   252.27   146.05   146.05    426.20    293.72
ANP 2BIF.pdb 2BIF.pdb    34   67.35   91.76    3.98    1    1    1   536.73   309.41   309.41    489.06    307.77
HCA 2MIN.pdb 2MIN.pdb    34   88.00  100.00    3.70    1    1    1   552.00   265.38   265.38    196.07    144.78
GDP 2NGR.pdb 2NGR.pdb    35   75.00  100.00    3.78    1    1    1   251.79   201.43   201.43    428.08    289.43
CTC 2TCT.pdb 2TCT.pdb    16   77.42   80.60    3.62    1    1    1   306.45   141.79   141.79    455.70    341.09
ORN 3JDW.pdb 3JDW.pdb    25   58.33   92.86    1.13    1    1    1   183.33   157.14   157.14    126.11    122.16
PC1 3LKF.pdb 3LKF.pdb    21   92.31  100.00    2.96    3    3    3   153.85   105.26   105.26    169.03    135.98
PYD 4THI.pdb 4THI.pdb    37   93.75   83.87    0.00    1    1    0   937.50   483.87     0.00    114.08    101.26
FFF 5EAU.pdb 5EAU.pdb    44   85.29   77.27    3.96    1    1    1   344.12   177.27   177.27    411.10    301.46
FAC 5YAS.pdb 5YAS.pdb    16   67.86  100.00    3.02    1    1    1   189.29   189.29   189.29    182.02     97.26
ABC 7TAA.pdb 7TAA.pdb    39   75.86   68.69    3.43    1    1    1   122.41    71.72    71.72    874.39    709.16
