LIG | COMPLEXE | APO | NB_PCK | OVLP1 | OVLP2 | DIST_CM | POS1 | POS2 | POS3 | REL_OVLP1 | REL_OVLP2 | REL_OVLP3 | LIGMASS | LIGVOL
EAA 11GS.pdb 11GS.pdb    14    0.00    0.00    3.65    0    0    1     0.00     0.00    68.49    581.23    454.53
I4B 184L.pdb 184L.pdb    14  100.00  100.00    0.97    2    2    2   252.94   107.50   107.50    120.11    120.18
SUC 1A0T.pdb 1A0T.pdb    35   88.46   78.57    3.62    1    1    1   165.38   102.38   102.38    640.24    489.21
NAP 1A27.pdb 1A27.pdb    19   77.22   84.16    3.38    1    1    1   241.77   189.11   189.11    715.18    467.69
THP 1A2T.pdb 1A2T.pdb    10    0.00   65.38    3.96    0    3    1     0.00    65.38   101.92    387.07    258.94
BZU 1A42.pdb 1A42.pdb    19   81.25   80.85    2.20    2    2    2   134.38    91.49    91.49    362.34    244.25
ZMR 1A4G.pdb 1A4G.pdb    30   65.22   93.18    3.24    2    2    2   100.00   104.55   104.55    312.15    240.25
GMY 1A4H.pdb 1A4H.pdb    20   71.43   70.27    2.86    1    1    1   169.05    95.95    95.95    520.32    466.09
GDP 1A4R.pdb 1A4R.pdb    16   67.86   94.00    2.85    1    1    1   119.64   134.00   134.00    428.08    262.80
PLP 1A50.pdb 1A50.pdb    23   69.05   88.37    3.82    1    1    1   230.95   225.58   225.58    221.06    168.61
NAP 1A80.pdb 1A80.pdb    16   76.34   97.70    2.88    1    1    1   133.33   142.53   142.53    715.18    518.25
ATP 1A82.pdb 1A82.pdb    19   56.60   83.02    3.24    1    1    1   100.00   100.00   100.00    491.05    310.49
GLS 1A8I.pdb 1A8I.pdb    56   66.67  100.00    3.64    3    3    3   300.00   278.57   278.57    236.09    169.73
PCP 1A96.pdb 1A96.pdb    10   71.79  100.00    1.41    1    1    1   238.46   197.87   197.87    745.96    515.91
9DI 1A9P.pdb 1A9P.pdb    23   95.00   97.92    3.73    1    1    1   255.00   212.50   212.50    254.13    189.63
SB2 1A9U.pdb 1A9U.pdb    30   62.50   68.52    3.09    3    3    3   140.00   103.70   103.70    361.31    291.92
PLP 1AAW.pdb 1AAW.pdb    33   83.33  100.00    3.83    2    2    2   226.67   165.85   165.85    221.06    171.09
BPM 1AAX.pdb 1AAX.pdb    26   50.88   62.69    2.95    1    1    1   101.75    86.57    86.57    692.16    456.66
HH2 1AD4.pdb 1AD4.pdb    41   83.33   97.83    3.74    1    1    1   247.22   193.48   193.48    344.05    212.77
MDL 1AD8.pdb 1AD8.pdb    17   89.80   97.75    3.87    1    1    1   193.88   106.74   106.74    535.32    436.89
CND 1ADB.pdb 1ADB.pdb    24    0.00   66.67    3.29    0    1    1     0.00   102.15   102.15    644.27    476.18
ACD 1ADL.pdb 1ADL.pdb     7   75.00   75.00    3.94    1    1    1   468.75   110.29   110.29    272.21    258.05
13P 1ADO.pdb 1ADO.pdb    26   51.22  100.00    3.79    1    1    1   258.54   331.25   331.25    165.02    118.23
ATR 1AFL.pdb 1AFL.pdb    10   62.79   67.39    3.20    2    2    2    86.05    80.43    80.43    491.05    309.64
SU2 1AGW.pdb 1AGW.pdb    26   64.00   80.43    3.78    2    2    2   280.00   152.17   152.17    314.23    270.86
ADE 1AHA.pdb 1AHA.pdb    13   93.10  100.00    2.38    1    1    1   217.24   175.00   175.00    130.09     98.16
MNP 1AI5.pdb 1AI5.pdb    57   83.33  100.00    3.38    1    1    1   550.00   330.00   330.00    174.09    130.97
UMP 1AIQ.pdb 1AIQ.pdb    19   80.00   96.15    3.15    1    1    1   240.00   207.69   207.69    295.08    192.40
ISA 1ALW.pdb 1ALW.pdb    21   92.31   92.86    2.63    2    2    2   353.85   109.52   109.52    299.06    165.33
FAD 1AOG.pdb 1AOG.pdb    32   86.96   97.58    0.00    1    1    0   255.43   189.52     0.00    752.29    520.72
STU 1AQ1.pdb 1AQ1.pdb    23   70.00   77.78    3.03    1    1    2   325.00   180.56    51.39    440.32    350.98
PMS 1AUR.pdb 1AUR.pdb    12   94.12  100.00    2.07    2    2    2   311.76   182.76   182.76    148.14    122.35
AP2 1AV5.pdb 1AV5.pdb    13   74.42   75.00    3.89    1    1    2   146.51   105.00   106.67    408.09    292.55
IPD 1AWB.pdb 1AWB.pdb    24   75.00   97.73    0.00    1    1    0   344.44   281.82     0.00    247.03    161.20
GLA 1AXZ.pdb 1AXZ.pdb    15   71.43   87.10    3.92    5    5    5   180.95   122.58   122.58    168.06    124.57
UFP 1B02.pdb 1B02.pdb    17   61.70   72.00    3.87    1    1    1    95.74    90.00    90.00    314.08    210.40
PLM 1B0O.pdb 1B0O.pdb    11   54.17   54.90    3.52    2    2    2   141.67    66.67    66.67    224.17    238.27
1PN 1B12.pdb 1B12.pdb    11   69.44   78.72    1.13    1    1    1   119.44    91.49    91.49    282.21    218.44
NAD 1B14.pdb 1B14.pdb    19   54.79   58.82    3.36    1    1    1    89.04    76.47    76.47    636.21    454.92
M1A 1B42.pdb 1B42.pdb    27   84.21  100.00    3.09    1    1    1   347.37   194.12   194.12    142.10    116.78
PGH 1B57.pdb 1B57.pdb    22    0.00   93.33    1.89    0    6    6     0.00    96.67    96.67    165.00    106.34
NAD 1B8U.pdb 1B8U.pdb    18   67.92   73.91    2.65    1    1    1   250.94   144.57   144.57    636.21    482.50
IN7 1B8Y.pdb 1B8Y.pdb    10   80.43   87.32    2.86    1    1    1   184.78   119.72   119.72    352.28    280.85
BIP 1BAV.pdb 1BAV.pdb    18   71.43   95.12    1.78    1    1    1   319.05   163.41   163.41    152.11    132.84
URA 1BD4.pdb 1BD4.pdb    21   78.95   85.19    3.34    1    1    1   321.05   225.93   225.93    108.06     78.56
TCA 1BE6.pdb 1BE6.pdb     9   72.22   78.79    3.84    1    1    1   261.11   142.42   142.42    124.10    111.55
GCO 1BGG.pdb 1BGG.pdb    26   70.27  100.00    0.00    1    1    0   251.35   320.69     0.00    184.06    135.26
EPE 1BHT.pdb 1BHT.pdb    10   78.12   87.18    1.40    2    2    2   112.50    92.31    92.31    220.16    173.44
CHA 1BIL.pdb 1BIL.pdb    30   67.92   50.54    3.49    2    2    1   141.51    80.65    90.32    590.46    531.72
SOA 1BIO.pdb 1BIO.pdb    20   73.68   86.11    3.95    1    1    1   257.89   136.11   136.11    114.08    102.13
2GP 1BIR.pdb 1BIR.pdb     3   58.33   94.12    3.04    1    1    1    91.67   129.41   129.41    349.11    250.11
ACV 1BK0.pdb 1BK0.pdb    25   88.24   94.44    3.09    1    1    1   276.47   130.56   130.56    338.23    255.92
PBP 1BK9.pdb 1BK9.pdb     9   61.54   89.19    2.83    2    2    2   169.23   118.92   118.92    191.99    123.78
AKG 1BL5.pdb 1BL5.pdb    34   76.92   83.33    2.76   22   22   22   223.08   120.83   120.83    140.05    105.01
FOS 1BLH.pdb 1BLH.pdb    17   56.52   61.90    3.87    9    9    9   156.52    85.71    85.71    217.07    163.17
BHC 1BQ4.pdb 1BQ4.pdb    18   82.76   88.10    3.22    2    2    2   203.45   140.48   140.48    336.12    235.78
COA 1BQ6.pdb 1BQ6.pdb    27    0.00    0.00    3.41    0    0    8     0.00     0.00    32.05    731.25    520.96
NEO 1BR5.pdb 1BR5.pdb    17   70.73   72.34    3.52    2    2    2   112.20    97.87    97.87    242.13    179.02
RTL 1BRP.pdb 1BRP.pdb    13   96.67   97.44    3.42    1    1    1   313.33   120.51   120.51    256.21    251.89
NDP 1BSV.pdb 1BSV.pdb    23    0.00    0.00    3.86    0    0    1     0.00     0.00    95.79    715.18    477.04
IM2 1BT5.pdb 1BT5.pdb    16   77.78   93.88    3.91    1    1    1   219.44   161.22   161.22    282.21    234.14
2BL 1BTU.pdb 1BTU.pdb    16   76.32   87.76    3.63    2    2    2   115.79    89.80    89.80    282.21    229.43
AP3 1BUL.pdb 1BUL.pdb    12   69.44   85.37    2.89    3    3    3   100.00    87.80    87.80    242.19    196.09
DFX 1BVV.pdb 1BVV.pdb     5   64.10   78.26    2.63    2    2    2   130.77   110.87   110.87    251.10    187.04
BA1 1BX6.pdb 1BX6.pdb    29   84.21  100.00    3.66    1    1    1   180.70   113.19   113.19    524.31    419.71
PP7 1BXO.pdb 1BXO.pdb    17    0.00   86.36    3.41    0    1    1     0.00   117.05   117.05    621.55    550.63
DOM 1BYD.pdb 1BYD.pdb    38   66.67   85.06    3.52    1    1    1   163.64   124.14   124.14    608.24    490.32
FAD 1C0I.pdb 1C0I.pdb    26   70.00   96.88    3.53    1    1    1   201.82   173.44   173.44    753.30    509.14
GCA 1C1B.pdb 1C1B.pdb    47   90.00   87.95    3.00    1    1    1   322.50   155.42   155.42    304.21    277.37
MF3 1C22.pdb 1C22.pdb    11   84.21  100.00    3.61    1    1    1   263.16   232.56   232.56    195.12    136.03
GAR 1C2T.pdb 1C2T.pdb    16   58.82   69.39    3.89    2    2    1   141.18    97.96   157.14    271.06    184.94
BZB 1C3B.pdb 1C3B.pdb    25   78.26   96.97    3.32    1    1    1   600.00   418.18   418.18    170.96    141.95
UDP 1C3J.pdb 1C3J.pdb    28    0.00   71.93    2.17    0    1    4     0.00   156.14    73.68    390.05    267.17
TSN 1C3R.pdb 1C3R.pdb    23   74.07   80.00    2.68    1    1    1   585.19   287.27   287.27    280.19    260.34
NAG 1C82.pdb 1C82.pdb    55   90.00   68.49    3.29    1    1    1   350.00   143.84   143.84    412.18    325.67
IBZ 1CEL.pdb 1CEL.pdb    24   89.29   92.73    0.00    1    1    0   950.00   483.64     0.00    395.11    245.88
IMO 1CG0.pdb 1CG0.pdb    22   65.00  100.00    3.07    1    1    1   265.00   269.49   269.49    414.07    270.24
HMC 1CPU.pdb 1CPU.pdb    28   75.00  100.00    3.31    1    1    1   179.17   179.17   179.17    148.07    125.94
PYS 1CTE.pdb 1CTE.pdb    16   87.50  100.00    1.64    3    3    3   145.83   134.62   134.62    106.13     85.22
C48 1CVZ.pdb 1CVZ.pdb    12   57.58   60.87    3.74    1    1    1   230.30   110.14   110.14    384.26    308.79
PHG 1CZS.pdb 1CZS.pdb     9   93.75   96.15    2.53    1    1    1   281.25   173.08   173.08    272.65     81.46
PAL 1D09.pdb 1D09.pdb    18    0.00   73.17    3.21    0    4    4     0.00   104.88   104.88    245.04    179.25
MNQ 1D0X.pdb 1D0X.pdb    62   51.61   60.29    3.96    1    1    1   382.26   348.53   348.53    396.05    276.31
MTX 1D1G.pdb 1D1G.pdb    12   85.71  100.00    3.95    1    1    1   208.16   127.50   127.50    432.26    365.91
ABH 1D3V.pdb 1D3V.pdb    21   70.97   82.61    3.41    1    1    1   174.19   117.39   117.39    176.88    150.02
GUN 1D6A.pdb 1D6A.pdb    20   65.91  100.00    2.00    1    1    1   140.91   172.22   172.22    149.11    110.67
ANP 1DAW.pdb 1DAW.pdb    25   79.07   98.46    3.00    1    1    1   304.65   201.54   201.54    489.06    316.08
G3P 1DC4.pdb 1DC4.pdb    24    0.00   78.12    0.00    0    1    0     0.00   337.50     0.00    163.00    113.31
MTX 1DDR.pdb 1DDR.pdb     9   56.41   54.55    3.64    1    1    1   233.33   137.88   137.88    432.26    341.43
APU 1DDT.pdb 1DDT.pdb    41   67.86   75.82    3.94    1    1    1   162.50   100.00   100.00    628.19    413.72
ACR 1DED.pdb 1DED.pdb    38   62.64   81.18    3.42    2    2    2   106.59   114.12   114.12    645.60    543.90
NDP 1DGB.pdb 1DGB.pdb    41   59.57   64.94    3.82    3    3    3   212.77   129.87   129.87    715.18    489.42
DIG 1DID.pdb 1DID.pdb    26   68.00   80.95    0.00    1    1    0   320.00   190.48     0.00    150.07    120.31
EQP 1DIL.pdb 1DIL.pdb    22   64.29   85.11    3.10    1    1    1   221.43   131.91   131.91    618.16    254.85
CIP 1DJW.pdb 1DJW.pdb    33   85.71  100.00    3.74    1    1    1   421.43   406.90   406.90    227.04    155.15
IHP 1DKP.pdb 1DKP.pdb    36    0.00   53.23    3.49    0    1    1     0.00   116.13   116.13    641.89    388.03
CAQ 1DLT.pdb 1DLT.pdb    27   73.68  100.00    1.70    3    3    3   194.74   123.33   123.33    104.06     87.59
HBI 1DMW.pdb 1DMW.pdb    24    0.00    0.00    0.00    0    0    0     0.00     0.00     0.00    226.13    180.82
NOJ 1DOG.pdb 1DOG.pdb    27   84.38  100.00    1.43    1    1    1   187.50   157.89   157.89    150.07    122.29
DEP 1DQY.pdb 1DQY.pdb    15   81.82  100.00    1.94    2    2    2   295.45   216.67   216.67    127.01    104.18
BAT 1DTH.pdb 1DTH.pdb    14   79.66  100.00    3.28    1    1    1   149.15   129.41   129.41    446.39    367.21
GNT 1DX6.pdb 1DX6.pdb    33   82.35   82.26    3.93    1    1    1   352.94   193.55   193.55    266.19    222.99
87Y 1DY3.pdb 1DY3.pdb    13   87.76   94.64    2.83    2    2    2   120.41   105.36   105.36    294.20    237.89
SES 1DZJ.pdb 1DZJ.pdb    13   96.00   98.31    3.94    1    1    1   264.00   111.86   111.86    454.16    367.33
FFC 1E0V.pdb 1E0V.pdb    16    0.00   55.17    3.14    0   10    3     0.00    86.21   141.38    307.12    225.85
CSN 1E2S.pdb 1E2S.pdb    33   74.07  100.00    2.76    5    5    5   125.93   117.24   117.24    230.13    148.37
HBO 1E4N.pdb 1E4N.pdb    27   95.24  100.00    2.67    1    1    1   628.57   269.39   269.39    202.10    157.18
SIN 1E5H.pdb 1E5H.pdb    25   83.33   84.62    0.00    1    1    0  1025.00   473.08     0.00    112.04     82.71
SGC 1E5J.pdb 1E5J.pdb    18   56.00   66.67    2.47    2    1    1   236.00   151.52   151.52    336.25    250.10
AMI 1E6R.pdb 1E6R.pdb    35   73.58   82.95    2.87    1    1    1   277.36   167.05   167.05    580.29    442.75
PFL 1E7A.pdb 1E7A.pdb    47   62.07   57.55    0.97    8    3    3   186.21    96.23    96.23    320.26    296.20
KWT 1E7U.pdb 1E7U.pdb    85   90.70  100.00    1.59    2    2    2   234.88   171.19   171.19    404.24    344.85
NDP 1E7Y.pdb 1E7Y.pdb    41   51.16   80.00    3.14    2    2    2   102.33    97.78    97.78    412.08    256.77
SLB 1E8U.pdb 1E8U.pdb    31   93.10  100.00    2.69    1    1    1   293.10   157.41   157.41    290.12    218.85
GAT 1EFI.pdb 1EFI.pdb    11   72.41   62.86    3.86    1    1    1   151.72   125.71   125.71    254.13    209.35
PRF 1EFZ.pdb 1EFZ.pdb    20   88.89  100.00    0.00    1    1    0   388.89   233.33     0.00    170.11    129.32
IND 1EG9.pdb 1EG9.pdb    34  100.00  100.00    0.00    1    1    0   881.82   269.44     0.00    110.09     98.65
PLM 1EH5.pdb 1EH5.pdb    21   66.67   60.71    3.36    1    1    1   371.43   139.29   139.29    208.17    225.06
BPY 1EIR.pdb 1EIR.pdb    18   90.32  100.00    2.91    1    1    1   267.74   212.82   212.82    176.13    156.13
PAH 1ELS.pdb 1ELS.pdb    27   77.78   93.75    3.96    1    1    1   222.22   187.50   187.50    149.00     99.83
REA 1EPB.pdb 1EPB.pdb    11   72.22   62.86    0.85    2    2    2    85.19    65.71    65.71    293.38    308.08
CTS 1EQC.pdb 1EQC.pdb    20   73.53   93.55    0.00    1    1    0   285.29   312.90     0.00    174.09    140.66
DEP 1ESE.pdb 1ESE.pdb    23   86.96  100.00    1.85    1    1    1   495.65   300.00   300.00    127.01    107.66
ACR 1ESW.pdb 1ESW.pdb    40   83.87   81.82    3.97    2    2   21   387.10   218.18    41.82    602.26    445.83
DAN 1EUS.pdb 1EUS.pdb    18   65.62   77.27    2.44    3    3    3   115.62    84.09    84.09    274.12    209.21
TSB 1EVL.pdb 1EVL.pdb    38   53.23   52.24    3.68    6    2    2    67.74   114.93   114.93    426.26    292.03
R99 1EWL.pdb 1EWL.pdb    12    0.00   60.00    3.71    0    1    1     0.00   145.00   145.00    336.21    306.26
F6P 1EYI.pdb 1EYI.pdb    21   58.62   86.36    3.11    2    2    2   217.24   143.18   143.18    247.03    161.59
2AN 1EYN.pdb 1EYN.pdb    27   56.25   71.15    3.72    4    4    4   131.25    80.77    80.77    286.24    231.60
NAR 1EYQ.pdb 1EYQ.pdb    12   90.32  100.00    3.77    1    1    1   254.84   168.09   168.09    260.16    205.51
MGS 1F4X.pdb 1F4X.pdb    25    0.00   73.33    2.03    0    3    3     0.00    93.33    93.33    270.13    206.22
TBD 1F6T.pdb 1F6T.pdb     8   83.33   88.10    2.86    1    1    1   226.67   161.90   161.90    380.87    280.56
NAY 1F74.pdb 1F74.pdb    25   74.36  100.00    3.68    2    2    2   125.64   128.95   128.95    274.12    218.50
DAN 1F8B.pdb 1F8B.pdb    23   82.35  100.00    1.87    1    1    1   323.53   250.00   250.00    274.12    205.25
GLE 1FDK.pdb 1FDK.pdb     6   82.50   96.30    3.95    1    1    1   225.00   166.67   166.67    376.14    300.49
AMI 1FFQ.pdb 1FFQ.pdb    34   65.79   73.17    2.65    1    1    1   392.11   363.41   363.41    200.11    155.13
TLM 1FJ4.pdb 1FJ4.pdb    19   94.59  100.00    3.42    1    1    1   429.73   300.00   300.00    196.18    174.81
DKA 1FK0.pdb 1FK0.pdb     4   90.91   98.28    3.51    1    1    1  1045.45   198.28   198.28    152.11    151.05
SB1 1FKI.pdb 1FKI.pdb     2   76.74   90.38    3.32    1    1    1   202.33   167.31   167.31    398.26    352.82
URA 1FLZ.pdb 1FLZ.pdb    16   80.00   73.68    0.00    1    1    0   260.00   205.26     0.00    108.06     82.70
BRL 1FM6.pdb 1FM6.pdb    26   57.58   62.50    3.83    2    2    1   218.18   100.00   151.39    338.28    284.08
570 1FM9.pdb 1FM9.pdb    26   60.71   61.46    3.50    2    1    2   121.43   197.92    70.83    516.37    448.17
DMJ 1FO2.pdb 1FO2.pdb    29   54.17   89.66    3.66    3    3    3   204.17   168.97   168.97    150.07    119.69
ADP 1FP6.pdb 1FP6.pdb    17    0.00   59.18    3.33    0    4    1     0.00    63.27    97.96    412.08    286.48
GDU 1FR8.pdb 1FR8.pdb    19   83.87   74.00    3.21    3    3    3   174.19   108.00   108.00    390.05    255.00
GTP 1FRW.pdb 1FRW.pdb     9   78.05   82.14    3.70    1    1    1   207.32   151.79   151.79    507.05    340.72
TLA 1FS5.pdb 1FS5.pdb    19   94.74   97.56    3.34    1    1    1   526.32   243.90   243.90    144.04    103.86
PLU 1FT7.pdb 1FT7.pdb    10   80.77   90.70    2.37    1    1    1   153.85    93.02    93.02    153.03    124.12
KAI 1FTK.pdb 1FTK.pdb    14   71.05  100.00    2.79    1    1    1   242.11   204.44   204.44    198.11    163.07
ADP 1FWK.pdb 1FWK.pdb    24   60.00   59.65    2.16    5    2    2    72.50    80.70    80.70    412.08    282.87
BB1 1G27.pdb 1G27.pdb    15   59.52   66.07    3.83    1    1    1   130.95    98.21    98.21    298.19    279.70
EPE 1G5A.pdb 1G5A.pdb    44   82.61   85.00    0.00    1    1    0   608.70   350.00     0.00    220.16    180.49
5GP 1G7C.pdb 1G7C.pdb    43   61.11   62.22    3.28   12   12   12    83.33    66.67    66.67    349.11    249.59
UD1 1G97.pdb 1G97.pdb    29   52.31   69.05    2.82    1    1    1   196.92   152.38   152.38    580.14    413.54
DAF 1G9H.pdb 1G9H.pdb    26   62.86   60.38    2.85    1    1    1   162.86   107.55   107.55    282.14    231.17
MAL 1GJW.pdb 1GJW.pdb    53   96.77  100.00    2.66    1    1    1   564.52   336.54   336.54    320.12    218.70
ATP 1GN8.pdb 1GN8.pdb    12   88.89   94.03    2.90    1    1    1   159.26   128.36   128.36    491.05    293.90
3GP 1GOY.pdb 1GOY.pdb     5   73.33   95.00    3.78    3    3    3   117.78   132.50   132.50    349.11    243.96
DCD 1GQG.pdb 1GQG.pdb    29   81.25   92.11    3.77    1    1    1   468.75   197.37   197.37    138.19    116.26
ACP 1GQT.pdb 1GQT.pdb    20   59.52   72.97    3.69    1    1    1   211.90   120.27   120.27    487.07    315.01
OLA 1GT6.pdb 1GT6.pdb    18   64.29   92.00    3.03    1    1    1   221.43   124.00   124.00    248.19    254.25
NAD 1GUZ.pdb 1GUZ.pdb    27   52.63    0.00    3.65    1    0    6   214.04     0.00    41.94    636.21    447.04
MGL 1GZ1.pdb 1GZ1.pdb    20   90.74   88.00    3.84    1    1    1   259.26   140.00   140.00    484.19    360.05
NIR 1GZF.pdb 1GZF.pdb    15   87.50   93.75    3.94    1    1    1   217.50   181.25   181.25    224.13    177.48
FA6 1H0S.pdb 1H0S.pdb     8   72.22  100.00    3.57    2    2    2   119.44   134.38   134.38    194.08    143.20
IM2 1H5X.pdb 1H5X.pdb    17   53.33   63.16    1.72   10   10   10    93.33    73.68    73.68    282.21    232.39
C5P 1H7F.pdb 1H7F.pdb    14   53.33   62.22    3.70    2    2    2   143.33    95.56    95.56    309.09    218.25
COA 1H9G.pdb 1H9G.pdb    23   95.00   88.73    3.87    1    1    1   272.50   153.52   153.52    731.25    530.70
MAU 1HA3.pdb 1HA3.pdb    26   84.13   71.79    3.16    1    1    1   323.81   174.36   174.36    748.48    687.64
A3P 1HI4.pdb 1HI4.pdb     9   58.82   52.00    2.52    3    3    3    79.41    54.00    54.00    412.08    277.31
113 1HLK.pdb 1HLK.pdb    13   86.36   75.00    0.86    1    1    1   331.82   140.38   140.38    308.16    217.27
COA 1HND.pdb 1HND.pdb    22    0.00    0.00    3.72    0    0    1     0.00     0.00   141.77    731.25    567.27
PXP 1HO4.pdb 1HO4.pdb    17   90.91   92.16    3.71    1    1    1   203.03   131.37   131.37    237.06    172.16
INK 1HQD.pdb 1HQD.pdb    20   56.52   72.09    3.49    4    1    1   173.91   255.81   255.81    211.09    171.70
A79 1HVC.pdb 1HVC.pdb    11    0.00   95.87    2.19    0    1    1     0.00    80.17    80.17    794.98    738.33
BZS 1HYT.pdb 1HYT.pdb    17   83.33   91.67    1.84    1    1    1   362.50   181.25   181.25    196.12    162.07
LTL 1I05.pdb 1I05.pdb    10   92.86  100.00    2.14    1    1    1   385.71   114.89   114.89    128.08    127.00
FMN 1I0R.pdb 1I0R.pdb    29   62.50   81.25    3.06    3    3    3    81.25    81.25    81.25    435.18    326.92
BNI 1I9H.pdb 1I9H.pdb     9   55.81   57.14    3.13    2    2    1    76.74    58.93    73.21    344.26    273.80
MYR 1ICM.pdb 1ICM.pdb    11   65.00   55.88    3.34    2    1    1   280.00   110.29   110.29    200.15    214.75
ANP 1IG1.pdb 1IG1.pdb    27   81.63   87.67    0.00    1    1    0   320.41   215.07     0.00    489.06    297.05
3PG 1IIH.pdb 1IIH.pdb    21   72.73  100.00    3.60    1    1    1   160.61   151.43   151.43    179.00    120.33
G25 1IJE.pdb 1IJE.pdb    40    0.00   55.81    3.03    0   13   13     0.00    62.79    62.79    349.11    230.23
REX 1IKG.pdb 1IKG.pdb    17   60.71   76.47    0.82    1    1    1   132.14   108.82   108.82    348.18    292.21
GUN 1IT7.pdb 1IT7.pdb    43   75.00   93.75    0.00    1    1    0   575.00   431.25     0.00    146.09    110.22
IMP 1IWE.pdb 1IWE.pdb    36   75.51   95.00    3.30    2    2    2   228.57   186.67   186.67    335.10    218.36
CIR 1J21.pdb 1J21.pdb    36   71.05  100.00    3.92    1    1    1   389.47   448.48   448.48    162.08    127.30
NAP 1JAY.pdb 1JAY.pdb    15   76.74   97.75    3.15    1    1    1   168.60   162.92   162.92    715.18    478.20
TMF 1JBW.pdb 1JBW.pdb    25   55.56    0.00    3.64   23    0   22   107.41     0.00    37.04    310.21    249.90
CFP 1JDJ.pdb 1JDJ.pdb    25  100.00  100.00    3.19    6    6    6   409.09   136.36   136.36    170.53    111.80
MTA 1JDT.pdb 1JDT.pdb    17   85.71   92.86    3.02    1    1    1   148.57   123.81   123.81    282.21    215.11
SUC 1JJ0.pdb 1JJ0.pdb     8   70.00   76.60    3.60    2    2    1   225.00    95.74   110.64    320.12    229.66
OCT 1JLU.pdb 1JLU.pdb    30   87.50  100.00    3.97    2    2    2   700.00   124.44   124.44     96.09    111.03
AAT 1JQ3.pdb 1JQ3.pdb    22   80.30  100.00    3.05    1    1    1   150.00   120.73   120.73    394.30    324.64
NDP 1JVS.pdb 1JVS.pdb    35    0.00   61.25    3.66    0    1    1     0.00   168.75   168.75    715.18    492.99
CDC 1JYL.pdb 1JYL.pdb    18   93.55  100.00    3.12    1    1    1   248.39   183.33   183.33    462.12    323.01
MRC 1JZS.pdb 1JZS.pdb    74   80.49   80.68    3.61    1    1    1   236.59   110.23   110.23    456.27    399.06
GTT 1K0B.pdb 1K0B.pdb    14   90.00   93.33    3.34    1    1    1   240.00   120.00   120.00    290.19    244.49
NAD 1K6X.pdb 1K6X.pdb    24    0.00   56.94    3.57    0    1    1     0.00   123.61   123.61    636.21    462.79
HPY 1K70.pdb 1K70.pdb    28   81.25  100.00    2.00    2    2    2   150.00   129.73   129.73    108.06     85.62
544 1K74.pdb 1K74.pdb    26   59.18   61.22    3.54    1    1    1   273.47   136.73   136.73    480.34    421.51
AMP 1KA0.pdb 1KA0.pdb    19   96.97   98.46    3.32    1    1    1   472.73   240.00   240.00    333.11    223.58
NDP 1KEV.pdb 1KEV.pdb    24   61.29   55.34    2.56    2    2    2   122.58    73.79    73.79    715.18    482.60
GCP 1KHB.pdb 1KHB.pdb    48   77.36   88.16    3.43    1    1    1   216.98   151.32   151.32    503.06    316.85
NOS 1KIC.pdb 1KIC.pdb    19   77.42   84.00    1.10    1    1    1   183.87   114.00   114.00    256.13    198.49
PMS 1KLT.pdb 1KLT.pdb    16   51.85   75.00    2.98    1    1    1   185.19   125.00   125.00    148.14    118.99
ATP 1KO5.pdb 1KO5.pdb    10   68.18   83.33    2.91    2    2    2   125.00   101.85   101.85    491.05    308.15
BGL 1L9N.pdb 1L9N.pdb    54   64.00   70.45    3.05   10   10   10   140.00    79.55    79.55    264.15    226.74
ORN 1LAH.pdb 1LAH.pdb    17   73.68   87.50    3.36    3    3    3    92.11   109.38   109.38    120.07    100.05
T80 1LBT.pdb 1LBT.pdb    19   71.88   77.14    3.87    1    1    1   168.75    77.14    77.14    460.31    450.63
IPD 1LBX.pdb 1LBX.pdb    14   80.56   97.50    3.47    1    1    1   166.67   150.00   150.00    247.03    165.32
NAD 1LC3.pdb 1LC3.pdb    24   51.28   64.06    3.73    8    8    8   115.38    70.31    70.31    636.21    452.49
PLU 1LCP.pdb 1LCP.pdb    37   57.14   82.86    3.71    1    1    1   390.48   234.29   234.29    153.03    121.65
U49 1LD8.pdb 1LD8.pdb    59   66.67   76.27    3.53    1    1   45   563.33   286.44    35.59    414.31    350.23
ORO 1LH0.pdb 1LH0.pdb    19   81.82   86.49    2.80    1    1    1   422.73   251.35   251.35    152.06    110.60
UPG 1LL2.pdb 1LL2.pdb    14   72.22   95.08    3.60    1    1    1   133.33   118.03   118.03    542.11    359.79
AMI 1LLO.pdb 1LLO.pdb    16   87.88  100.00    1.90    1    1    1   133.33   118.92   118.92    200.11    160.55
C5P 1LP6.pdb 1LP6.pdb    12   76.19   82.22    3.79    2    2    2   204.76    95.56    95.56    309.09    224.23
MPA 1LPM.pdb 1LPM.pdb    30   90.62   93.55    2.25    1    1    1   246.88   127.42   127.42    255.14    246.94
CLR 1LRI.pdb 1LRI.pdb     6   95.45   95.71    3.53    1    1    1   309.09    97.14    97.14    340.29    338.77
BUL 1LSP.pdb 1LSP.pdb     7   62.50   72.13    3.80    1    1    1   151.79   139.34   139.34    522.31    369.13
M6P 1M6P.pdb 1M6P.pdb     6   64.10   92.31    3.60    5    5    5    87.18   130.77   130.77    247.03    168.76
3PG 1M7O.pdb 1M7O.pdb    21   82.61   96.88    3.53    1    1    1   269.57   193.75   193.75    179.00    130.82
G6D 1MMY.pdb 1MMY.pdb    29   88.24  100.00    2.55    1    1    1   517.65   258.82   258.82    152.06    120.91
ATP 1N75.pdb 1N75.pdb    35   75.00   98.31    3.03    1    1    1   263.64   196.61   196.61    491.05    320.62
DED 1NFS.pdb 1NFS.pdb    10   90.00  100.00    1.97    1    1    1   240.00   218.18   218.18    235.99    149.70
153 1NHU.pdb 1NHU.pdb    51   65.62   58.70    0.00    5    5    0   221.88   154.35     0.00    478.16    347.71
UD2 1NLM.pdb 1NLM.pdb    29    0.00   57.33    1.84    0    1    1     0.00    93.33    93.33    580.14    407.38
UCN 1NVQ.pdb 1NVQ.pdb    23   73.33   73.44    3.73    1    1    1   115.56    81.25    81.25    456.32    383.01
EQU 1OH0.pdb 1OH0.pdb    13   86.96   88.64    2.93    1    1    1   243.48   127.27   127.27    248.19    212.21
RET 1OPB.pdb 1OPB.pdb    15   69.23   57.33    0.97    2    1    1   203.85    68.00    68.00    256.21    236.77
IYG 1OPM.pdb 1OPM.pdb    20   53.12    0.00    3.86   19    0    4    81.25     0.00    90.57    517.96    249.96
BEN 1OSS.pdb 1OSS.pdb    12   92.00   87.18    1.21    1    1    1   180.00   115.38   115.38    112.09     99.34
3ID 1OYO.pdb 1OYO.pdb    12   93.75  100.00    2.83    1    1    1   531.25   293.10   293.10    142.09    112.72
ACO 1P7T.pdb 1P7T.pdb    58    0.00    0.00    3.93    0    0    1     0.00     0.00    94.12   1542.54   1075.92
SES 1PBO.pdb 1PBO.pdb    11  100.00  100.00    3.43    1    1    1   444.44   135.59   135.59    227.08    163.63
ADP 1PFK.pdb 1PFK.pdb    19   62.50   78.57    3.27    1    1    1   158.33   108.57   108.57    412.08    280.78
NAD 1PJC.pdb 1PJC.pdb    25   55.56   50.54    3.55    3    1    1    76.19   147.31   147.31    636.21    448.14
OSU 1PYY.pdb 1PYY.pdb    44   61.90   75.00    0.00    1    1    0   414.29   290.00     0.00    432.21    343.53
MG8 1Q61.pdb 1Q61.pdb    32  100.00  100.00    3.89    2    2    2   630.00   143.18   143.18     96.09    110.89
CBS 1QBB.pdb 1QBB.pdb    50    0.00   59.42    3.64    0    2    2     0.00   163.77   163.77    396.18    305.67
ATP 1QHG.pdb 1QHG.pdb    48   83.72   95.38    3.63    3    3    3   232.56   153.85   153.85    491.05    316.48
ANP 1QPC.pdb 1QPC.pdb    27    0.00    0.00    3.95    0    0    3     0.00     0.00   102.33    410.09    267.15
AHX 1SES.pdb 1SES.pdb    60   72.73  100.00    3.78    1    1    1   194.55   162.12   162.12    429.15    303.50
CST 1SGC.pdb 1SGC.pdb     7   54.00    0.00    1.76    1    0    1    74.00     0.00    52.11    582.37    481.09
DAN 1SLI.pdb 1SLI.pdb    44   77.42  100.00    3.77    3    3    3   167.74   123.81   123.81    274.12    210.75
NAP 1TDF.pdb 1TDF.pdb    22    0.00   59.79    3.68    0    2    2     0.00    62.89    62.89    722.24    476.86
ISP 1TRY.pdb 1TRY.pdb    14   52.38   75.76    1.84    1    1    1   266.67   169.70   169.70    115.00     88.37
GPP 1UBW.pdb 1UBW.pdb    31   73.08   72.55    3.93    2    2    2   350.00   178.43   178.43    294.05    235.98
U2P 1UCA.pdb 1UCA.pdb    12    0.00   61.76    3.95    0    3    3     0.00   108.82   108.82    311.08    213.79
OXN 1UEH.pdb 1UEH.pdb    21   52.73   53.10    3.12    2    2    2   125.45    61.06    61.06    688.46    576.69
DFP 1XZK.pdb 1XZK.pdb    10   51.72   97.06    3.86    1    1    1   120.69   102.94   102.94    151.04    126.42
IQB 1YDT.pdb 1YDT.pdb    23   88.64  100.00    3.36    1    1    1   263.64   152.63   152.63    426.20    304.46
ANP 2BIF.pdb 2BIF.pdb    32   67.35   91.76    3.33    1    1    1   534.69   308.24   308.24    489.06    326.19
HCA 2MIN.pdb 2MIN.pdb    29   88.00  100.00    3.70    1    1    1   552.00   265.38   265.38    196.07    145.37
GDP 2NGR.pdb 2NGR.pdb    37   51.79   52.86    3.71    3    2    3   117.86   115.71    94.29    428.08    300.23
CTC 2TCT.pdb 2TCT.pdb    16   77.42   80.60    3.62    1    1    1   306.45   141.79   141.79    455.70    345.60
ORN 3JDW.pdb 3JDW.pdb    23   58.33   92.86    1.13    1    1    1   183.33   157.14   157.14    126.11    118.04
PC1 3LKF.pdb 3LKF.pdb    22   92.31  100.00    2.72    1    1    1   169.23   115.79   115.79    169.03    127.88
PYD 4THI.pdb 4THI.pdb    34   93.75   83.87    3.76    1    1    1   487.50   251.61   251.61    114.08     99.56
FFF 5EAU.pdb 5EAU.pdb    42   82.35   74.24    3.50    1    1    1   282.35   145.45   145.45    411.10    311.51
FAC 5YAS.pdb 5YAS.pdb    15   67.86  100.00    1.96    1    1    1   125.00   125.00   125.00    182.02    104.15
ABC 7TAA.pdb 7TAA.pdb    36   75.86   68.69    3.43    1    1    1   122.41    71.72    71.72    874.39    688.30
