LIG | COMPLEXE | APO | NB_PCK | OVLP1 | OVLP2 | DIST_CM | POS1 | POS2 | POS3 | REL_OVLP1 | REL_OVLP2 | REL_OVLP3 | LIGMASS | LIGVOL
RQ3 1g9v.pdb 1g9v.pdb    53   69.23   61.02    0.00    1    1    0   321.15   141.53     0.00    636.44    523.94
BUM 1gkc.pdb 1gkc.pdb    10   76.47   77.55    1.67    1    1    1   288.24   200.00   200.00    286.18    246.04
SOX 1gm8.pdb 1gm8.pdb    66   95.24   69.09    3.87    2    2    2   271.43   103.64   103.64    332.25    253.54
HUP 1gpk.pdb 1gpk.pdb    32   80.00   82.46    3.56    1    1    1   256.67   135.09   135.09    224.17    197.64
SKF 1hnn.pdb 1hnn.pdb    18   85.29  100.00    1.73    2    2    2   155.88   110.42   110.42    200.17    151.66
AD3 1hp0.pdb 1hp0.pdb    21   83.78  100.00    3.71    1    1    1   145.95   103.85   103.85    252.14    198.64
HHP 1hq2.pdb 1hq2.pdb     9   74.29   97.83    3.09    1    1    1   217.14   165.22   165.22    186.11    134.41
D16 1hvy.pdb 1hvy.pdb    21   84.85   59.26    3.77    1    1    1   500.00   203.70   203.70    436.31    347.76
115 1hwi.pdb 1hwi.pdb    27   77.27   86.49    3.36    1    1    1   254.55   151.35   151.35    385.26    329.60
SWA 1hww.pdb 1hww.pdb    77   75.76  100.00    3.17    9    9    9   178.79   210.71   210.71    158.09    135.27
TQ3 1ia1.pdb 1ia1.pdb    15   89.66   92.68    0.93    2    2    2   206.90   146.34   146.34    256.24    213.43
VIB 1ig3.pdb 1ig3.pdb    48   98.63   96.06    2.77    1    1    1   171.23    98.43    98.43    496.44    413.84
CP6 1j3j.pdb 1j3j.pdb    43   82.86   92.16    3.74    1    1    1   434.29   298.04   298.04    235.61    191.48
AZM 1jd0.pdb 1jd0.pdb    19   79.17  100.00    2.53    1    1    1   241.67   148.72   148.72    216.20    138.29
BYS 1jje.pdb 1jje.pdb    14   86.84   86.67    2.67    1    1    1   234.21   148.33   148.33    324.20    258.13
TNK 1jla.pdb 1jla.pdb    97   80.95   78.48    0.00    1    1    0   626.19   332.91     0.00    340.25    302.67
IAD 1k3u.pdb 1k3u.pdb    48   68.63   98.11    2.77    1    1    1   139.22   133.96   133.96    276.16    220.79
LS1 1ke5.pdb 1ke5.pdb    25   55.56   68.63    3.63    1    1   19   413.89   292.16    49.02    314.25    252.24
JE2 1kzk.pdb 1kzk.pdb    11    0.00   98.86    3.35    0    1    1     0.00   135.23   135.23    538.42    438.16
BCZ 1l7f.pdb 1l7f.pdb    29   53.49   51.02    3.67    9    5    5    65.12    69.39    69.39    300.18    266.14
CMB 1lpz.pdb 1lpz.pdb    28   70.83   64.63    2.88    1    1    1   166.67    97.56    97.56    443.20    320.06
NLA 1lrh.pdb 1lrh.pdb     8   95.24  100.00    1.55    1    1    1   314.29   140.43   140.43    176.13    147.73
DEX 1m2z.pdb 1m2z.pdb    23   94.59   97.18    2.92    1    1    1   213.51   111.27   111.27    364.24    305.84
MOA 1meh.pdb 1meh.pdb    28   60.71   67.31    3.36    1    1   17   417.86   225.00    44.23    300.18    267.26
3AR 1mmv.pdb 1mmv.pdb    29   86.36   92.98    2.59    1    1    1   331.82   256.14   256.14    196.12    172.70
BNE 1mzc.pdb 1mzc.pdb    61   76.67   80.95    3.56    1    1    1   553.33   263.49   263.49    438.33    391.46
A3M 1n1m.pdb 1n1m.pdb    69   83.33  100.00    0.00    1    1    0   554.17   332.50     0.00    152.11    144.15
PAF 1n2j.pdb 1n2j.pdb    21   90.00  100.00    0.00    1    1    0   590.00   337.14     0.00    136.06    114.93
BDI 1n2v.pdb 1n2v.pdb    28   92.59  100.00    1.82    1    1    1   262.96   147.92   147.92    196.12    161.00
PFA 1n46.pdb 1n46.pdb    21   84.78   95.83    3.03    1    1    1   154.35    98.61    98.61    346.23    265.34
IH5 1nav.pdb 1nav.pdb    16   92.11   97.40    3.09    1    1    1   257.89   127.27   127.27    292.20    272.87
SCT 1of1.pdb 1of1.pdb    22   84.62  100.00    3.12    1    1    1   315.38   223.64   223.64    236.14    195.07
DTY 1of6.pdb 1of6.pdb    25   89.47   81.82    2.89    2    2    2   352.63   203.03   203.03    170.10    141.37
P16 1opk.pdb 1opk.pdb    34   93.18   92.86    3.44    1    1    1   229.55   144.29   144.29    411.16    313.36
CEL 1oq5.pdb 1oq5.pdb    19   76.67   70.00    3.10    2    2    2   116.67    70.00    70.00    367.26    254.91
675 1owe.pdb 1owe.pdb    21   72.41   63.64    2.63    1    1    1   141.38    74.55    74.55    274.21    249.14
FSN 1oyt.pdb 1oyt.pdb    21   95.56   97.30    3.89    1    1    1   340.00   206.76   206.76    383.27    288.66
NCT 1p2y.pdb 1p2y.pdb    33   96.30  100.00    1.74    1    1    1   262.96   161.36   161.36    148.12    141.74
GEO 1p62.pdb 1p62.pdb    21   65.62   68.00    2.97    3    3    3   128.12    82.00    82.00    252.11    190.07
984 1pmn.pdb 1pmn.pdb    32   74.36   75.68    3.96    1    1    1   300.00   158.11   158.11    455.21    341.43
MTI 1q1g.pdb 1q1g.pdb    19   89.19  100.00    3.81    1    1    1   283.78   190.91   190.91    280.22    216.23
BFL 1q4g.pdb 1q4g.pdb    46   85.19   91.84    1.40    8    8    8   170.37    93.88    93.88    212.16    193.54
IXM 1q41.pdb 1q41.pdb    29   65.52   71.43    3.57    1    1    1   234.48   138.78   138.78    266.19    217.32
BIR 1r1h.pdb 1r1h.pdb    66   77.27   85.53    3.35    1    1    1   304.55   176.32   176.32    391.21    319.74
FLP 1r9o.pdb 1r9o.pdb    40   96.15  100.00    3.90    1    1    1   680.77   316.07   316.07    231.16    203.27
097 1r55.pdb 1r55.pdb    14   72.97   83.33    0.00    1    1    0   318.92   245.83     0.00    302.18    270.71
AO5 1r58.pdb 1r58.pdb    31   85.37   81.54    1.77    1    1    1   180.49   113.85   113.85    337.70    275.79
TQD 1s3v.pdb 1s3v.pdb    17   92.31   94.67    3.28    1    1    1   358.97   186.67   186.67    346.24    296.38
MC9 1s19.pdb 1s19.pdb    24   87.50   95.06    3.34    1    1    1   232.50   114.81   114.81    372.29    368.05
STL 1sg0.pdb 1sg0.pdb    12    0.00   51.72    3.97    0   11   11     0.00    82.76    82.76    216.15    177.12
E4D 1sj0.pdb 1sj0.pdb    19   85.37   94.94    3.22    1    1    1   246.34   127.85   127.85    434.36    356.63
PAU 1sq5.pdb 1sq5.pdb    15   85.00   81.63    3.68    2    2    2   395.00   161.22   161.22    202.10    177.11
NDR 1sqn.pdb 1sqn.pdb    17  100.00  100.00    3.59    4    4    4   229.63   106.90   106.90    272.21    251.58
1CS 1t9b.pdb 1t9b.pdb    46   55.00   52.63    3.30    4   37   37   350.00    68.42    68.42    345.68    243.59
ID5 1t40.pdb 1t40.pdb    20   92.73   93.85    0.00    1    1    0   263.64   223.08     0.00    404.25    308.96
STI 1t46.pdb 1t46.pdb    25   70.91   66.67    2.87    1    1    1   160.00    91.67    91.67    462.36    407.33
CRZ 1tow.pdb 1tow.pdb     5   90.48  100.00    3.37    1    1    1   385.71   147.27   147.27    238.18    203.14
KAI 1tt1.pdb 1tt1.pdb    22   73.53   91.84    2.74    3    3    3   141.18    97.96    97.96    198.11    171.09
BAU 1u1c.pdb 1u1c.pdb    17   77.78   91.84    1.74    1    1    1   285.19   157.14   157.14    260.16    221.03
DBQ 1u4d.pdb 1u4d.pdb    25   80.77  100.00    3.28    1    1    1   300.00   173.33   173.33    234.15    178.00
FR4 1uml.pdb 1uml.pdb    22   95.35   98.72    3.81    1    1    1   225.58   124.36   124.36    418.30    382.27
RRC 1unl.pdb 1unl.pdb    29   54.29   53.12    3.57    2    2    6   222.86   121.88    43.75    328.24    293.74
CMU 1uou.pdb 1uou.pdb    31   89.66  100.00    3.78    2    2    2   241.38   159.09   159.09    231.57    173.01
PVB 1v0p.pdb 1v0p.pdb    20   72.22   61.19    3.38    1    1    1   258.33   138.81   138.81    407.71    314.65
MRK 1v4s.pdb 1v4s.pdb    36   89.47   98.41    3.48    1    1    1   271.05   163.49   163.49    337.31    253.47
HA1 1v48.pdb 1v48.pdb    18   92.11   98.21    1.53    1    1    1   215.79   146.43   146.43    323.11    222.81
IBA 1vcj.pdb 1vcj.pdb    28   82.05   98.18    2.76    2    2    2   148.72   105.45   105.45    322.21    279.02
GIO 1w1p.pdb 1w1p.pdb    33   81.48  100.00    3.68    5    5    5   162.96   137.50   137.50    144.09    117.96
THM 1w2g.pdb 1w2g.pdb    12   87.50  100.00    2.75    1    1    1   215.00   165.38   165.38    228.12    173.04
TYP 1x8x.pdb 1x8x.pdb    27   78.57  100.00    2.97    1    1    1   460.71   322.50   322.50    170.10    134.83
5RM 1xm6.pdb 1xm6.pdb    29   96.43   98.39    1.59    1    1    1   432.14   195.16   195.16    246.15    209.30
ROF 1xoq.pdb 1xoq.pdb    29   74.42   70.00    3.25    1    1    1   146.51    90.00    90.00    389.10    270.57
CIA 1xoz.pdb 1xoz.pdb    24   96.77   88.52    3.51    1    1    1   270.97   137.70   137.70    370.25    293.26
AAX 1y6b.pdb 1y6b.pdb    26    0.00   61.40    3.08    0    2    2     0.00    63.16    63.16    452.36    374.44
905 1ygc.pdb 1ygc.pdb    22   91.67   77.78    3.09    1    1    1   185.42   109.88   109.88    517.36    431.09
915 1yqy.pdb 1yqy.pdb    42   58.70   68.42    3.83    2    2    2   217.39   175.44   175.44    327.22    259.02
BIT 1yv3.pdb 1yv3.pdb    54   83.78   95.31    3.81    3    3    3   232.43   134.38   134.38    276.20    250.31
PH7 1yvf.pdb 1yvf.pdb    53   57.14   50.72    0.00    3    3    0   262.86   133.33     0.00    422.14    310.44
LI9 1ywr.pdb 1ywr.pdb    30   70.45   85.92    2.91    1    1    1   188.64   116.90   116.90    443.33    367.85
198 1z95.pdb 1z95.pdb    18   91.49   96.05    3.26    1    1    1   180.85   111.84   111.84    416.26    304.12
PM2 2bm2.pdb 2bm2.pdb    85   56.60   58.98    1.04    2    2    2    35.85    22.27    22.27   1481.19   1406.58
PFP 2br1.pdb 2br1.pdb    20   89.66  100.00    3.65    1    1    1   289.66   140.00   140.00    370.25    294.94
BSM 2bsm.pdb 2bsm.pdb    15   91.67  100.00    2.85    1    1    1   211.11   122.58   122.58    369.67    265.95
