LIG | COMPLEXE | APO | NB_PCK | OVLP1 | OVLP2 | DIST_CM | POS1 | POS2 | POS3 | REL_OVLP1 | REL_OVLP2 | REL_OVLP3 | LIGMASS | LIGVOL
THA 1ACJ.pdb 1QIF-1ACJ.pdb    34   79.31   78.85    3.43    1    1    1   313.79   175.00   175.00    184.15    166.70
IVA 1APU.pdb 3APP-1APU.pdb    10    0.00    0.00    3.47    0    0    1     0.00     0.00    95.45    398.26    357.13
QND 1IDA.pdb 1HSI-1IDA.pdb    18   75.00   73.74    3.62    1    1    1   163.46    85.86    85.86    672.54    564.30
IVA 1PSO.pdb 1PSN-1PSO.pdb    18   84.44   67.05    3.45    1    1    1   180.00    92.05    92.05    622.39    545.55
PO3 2TMN.pdb 1L3F-2TMN.pdb    18   60.87   72.50    2.80    1    1    1   295.65   170.00   170.00    195.05    152.07
UMP 1BID.pdb 3TMS-1BID.pdb    22   63.64   65.12    3.48    1    1    1   181.82   139.53   139.53    295.08    217.88
NAD 1CDO.pdb 8ADH-1CDO.pdb    28    0.00    0.00    3.50    0    0    1     0.00     0.00   109.47    636.21    457.57
MID 1DWD.pdb 1HXF-1DWD.pdb    19   95.65   87.95    3.35    1    1    1   313.04   173.49   173.49    490.39    381.95
AMP 1FBP.pdb 2FBP-1FBP.pdb    59    0.00   69.57    3.21    0    1    1     0.00   180.43   180.43    333.11    236.85
GAL 1GCA.pdb 1GCG-1GCA.pdb    24   55.22   97.30    3.34    1    1    1   137.31   248.65   248.65    180.16    148.67
NAG 1HEW.pdb 1HEL-1HEW.pdb    10    0.00    0.00    3.89    0    0    1     0.00     0.00    66.10    586.27    450.47
BZS 1HYT.pdb 1NPC-1HYT.pdb    18    0.00    0.00    3.75    0    0    1     0.00     0.00    87.50    196.12    163.13
ICL 1INC.pdb 1ESA-1INC.pdb    16    0.00    0.00    3.67    0    0    2     0.00     0.00    87.72    331.65    268.89
RTL 1RBP.pdb 1BRQ-1RBP.pdb    13   55.56   61.25    3.23    1    1    1   259.26    87.50    87.50    256.21    251.54
C2P 1ROB.pdb 8RAT-1ROB.pdb     9   71.43   70.73    2.29    1    1    1   135.71    92.68    92.68    309.09    206.97
BTN 1STP.pdb 1SWB-1STP.pdb    10   79.49   84.00    3.32    1    1    1   135.90   106.00   106.00    228.18    185.81
GUN 1ULB.pdb 1ULA-1ULB.pdb    24   66.67   57.89    0.00    1    1    0   494.44   234.21     0.00    146.09    110.06
PLM 2IFB.pdb 1IFB-2IFB.pdb     8   86.36   92.00    3.96    1    1    1   445.45   130.67   130.67    224.17    222.28
BEN 3PTB.pdb 3PTN-3PTB.pdb    12   80.00   85.29    2.68    1    1    1   220.00   129.41   129.41    112.09    101.19
PGA 2YPI.pdb 1YPI-2YPI.pdb    21   70.37   68.75    0.93    2    2    2   244.44   206.25   206.25    150.99     97.31
MTX 4DFR.pdb 5DFR-4DFR.pdb     7   59.46    0.00    0.00    1    0    0   272.97     0.00     0.00    432.26    322.68
VAC 4PHV.pdb 3PHV-4PHV.pdb     7   59.38   63.83    3.87    2    2    2    76.56    52.13    52.13   1152.86    515.75
MMA 5CNA.pdb 2CTV-5CNA.pdb    17   62.96   96.67    2.02    3    3    3   148.15   133.33   133.33    180.07    138.96
FVF 7CPA.pdb 5CPA-7CPA.pdb    20    0.00    0.00    3.22    0    0    9     0.00     0.00    56.94    547.30    431.07
NIP 1A6W.pdb 1A6U-1A6W.pdb     9   77.14   82.61    0.68    1    1    1   134.29   102.17   102.17    339.02    191.65
FOS 1BLH.pdb 1DJB-1BLH.pdb    19   69.57   97.62    3.87    1    1    1   295.65   161.90   161.90    217.07    167.58
GLC 1BYB.pdb 1BYA-1BYB.pdb    27   72.31   77.53    3.90    1    1    1   236.92   173.03   173.03    624.24    444.98
PLH 1HFC.pdb 1CGE-1HFC.pdb    10   87.18   88.46    2.26    1    1    1   176.92   132.69   132.69    322.21    287.31
DGX 1IGJ.pdb 1A4J-1IGJ.pdb    29    0.00    0.00    3.34    0    0    3     0.00     0.00   108.62    476.31    392.24
LIP 1IMB.pdb 1IME-1IMB.pdb    37   75.00  100.00    3.76    1    1    1   394.44   330.23   330.23    247.03    166.16
ST1 1IVD.pdb 1NNA-1IVD.pdb    25    0.00    0.00    3.78    0    0    1     0.00     0.00   132.56    234.12    169.96
ADN 1MRG.pdb 1AHC-1MRG.pdb    15   69.05   93.55    2.91    1    1    1   147.62   200.00   200.00    146.13    118.51
DX9 1MTW.pdb 2TGA-1MTW.pdb    11    0.00    0.00    3.41    0    0    3     0.00     0.00    46.15    416.30    352.93
SAB 1OKM.pdb 4CA2-1OKM.pdb    20   78.26   67.57    3.26    4    4    4   121.74    75.68    75.68    254.20    199.22
PGA 1PDZ.pdb 1PDY-1PDZ.pdb    24   68.42   86.21    3.32    2    2    2   221.05   144.83   144.83    150.99     99.19
PIM 1PHD.pdb 1PHC-1PHD.pdb    27    0.00   53.85    3.25    0    1    1     0.00   392.31   392.31    136.11    121.78
PP2 1QPE.pdb 3LCK-1QPE.pdb    30   53.57   61.22    3.41    6    2    2   125.00    89.80    89.80    288.67    229.19
C60 1RNE.pdb 1BBS-1RNE.pdb    23   82.35   68.57    3.48    1    1    1   254.90   123.81   123.81    666.51    549.66
THP 1SNC.pdb 1STN-1SNC.pdb    11   64.29   64.81    3.75    1    1    1   207.14   107.41   107.41    386.06    272.30
MTB 1SRF.pdb 1PTS-1SRF.pdb     6   69.81   81.13    1.10    1    1    1    88.68    88.68    88.68    280.19    220.40
HFA 2CTC.pdb 2CTB-2CTC.pdb    15   80.95   93.62    2.08    1    1    1   333.33   148.94   148.94    156.09    134.41
AZM 2H4N.pdb 2CBA-2H4N.pdb    17   60.87   65.00    1.77    3    3    3   169.57    97.50    97.50    216.20    141.71
ACA 2PK4.pdb 1KRN-2PK4.pdb     5    0.00    0.00    3.55    0    0    1     0.00     0.00   113.33    118.07    112.56
DAN 2SIM.pdb 2SIL-2SIM.pdb    19   67.86   89.36    3.73    1    1    1   264.29   157.45   157.45    274.12    201.63
OAC 3GCH.pdb 1CHG-3GCH.pdb    11   67.86   58.54    3.86    3    3    3   203.57   139.02   139.02    152.11    141.88
MPB 3MTH.pdb 6INS-3MTH.pdb     7   81.25   73.08    3.86    4    4    4   150.00    92.31    92.31    144.08    117.28
DHG 5P2P.pdb 3P2P-5P2P.pdb     9   55.56    0.00    2.26    1    0    1    97.78     0.00    52.38    381.19    368.47
UVC 6RSA.pdb 7RAT-6RSA.pdb    10    0.00    0.00    3.05    0    0    1     0.00     0.00   177.50    337.11    219.53
